
     Clock   Core cyc   Instruct       Uops   res.stl.   L1D Miss   CodeMiss 
   1148796     434122     491778     611111     127923        314          7 
    233747     233766     491522     540674     102616          5          0 
    233467     233463     491522     540674     102346          1          0 
    233431     233426     491522     540674     102301          2          0 
    233459     233451     491522     540674     102330          1          0 
    236395     236389     491522     540738     104910          1          0 
    235887     235882     491522     540674     104762          1          0 
    234443     234436     491522     540674     103311          1          0 
    235011     235008     491522     540674     103886          1          0 
    235271     235266     491522     540738     103456          1          0 
    235123     235116     491522     540738     103634          1          0 
    235315     235313     491522     540738     103831          2          0 
    235491     235484     491522     540770     103503          1          1 
    234583     234580     491522     540802     102550          1          0 
    234843     234836     491522     540834     102822          1          0 
    234807     234827     491522     540770     103151          2          0 
    238251     238245     491522     540770     106353          2          2 
    235219     235212     491522     540706     103917          1          0 
    236511     236505     491522     540770     104844          1          0 
    234259     234254     491522     540770     102590          2          0 
    234219     234216     491522     540706     102915          1          0 
    235831     235825     491522     540738     104342          1          0 
    233931     233923     491522     540738     102441          2          0 
    235975     235971     491522     540834     103954          1          0 
    237503     237498     491522     540804     105119          1          2 
    235575     235569     491522     540834     103070          0          2 
    234115     234107     491522     540706     102810          2          0 
    236235     236230     491522     540898     103611          0          0 
    236691     237079     491522     540738     105200          1          0 
    237027     237067     491522     540802     104863          2          1 
    234387     234432     491522     540738     102902          1          0 
    233687     233731     491522     540674     102450          1          0 
    234727     234774     491522     540706     103418          2          0 
    233655     233693     491522     540706     102351          1          0 
    233279     233317     491522     540674     102157          1          0 
    233795     233835     491522     540738     102314          1          0 
    233471     233509     491522     540674     102343          1          0 
    233255     233293     491522     540674     102126          1          0 
    233415     233455     491522     540674     102290          1          0 
    233495     233532     491522     540674     102364          1          0 
    233527     233574     491522     540674     102398          2          0 
    233335     233373     491522     540674     102212          1          0 
    233695     233742     491522     540706     102391          1          0 
    233887     233935     491522     540738     102238          1          1 
    233571     233610     491522     540674     102441          1          0 
    233707     233744     491522     540674     102581          3          0 
    234311     234350     491522     540674     103181          1          0 
    235199     235234     491522     540708     103620          2          1 
    233319     233361     491522     540674     102191          1          0 
    233871     233909     491522     540706     102383          1          0 
    233663     233699     491522     540674     102534          1          0 
    233423     233470     491522     540674     102296          1          0 
    233459     233505     491522     540674     102329          1          0 
    233783     233819     491522     540706     102471          1          0 
    233447     233485     491522     540674     102319          1          0 
    275643     235786     491523     540874     102650         10          4 
    233775     233767     491522     540706     102469          1          0 
    233287     233279     491522     540674     102161          1          0 
    233499     233492     491522     540674     102374          1          0 
    233415     233411     491522     540674     102293          1          0 
    234123     234117     491522     540674     102997          1          0 
    233599     233594     491522     540706     102295          1          0 
    233519     233515     491522     540674     102393          1          0 
    233427     233420     491522     540706     102121          1          0 
    233923     233918     491522     540738     102425          1          0 
    233635     233628     491522     540706     102316          1          0 
    233943     233934     491522     540706     102629          1          0 
    233867     233860     491522     540738     102386          1          0 
    233651     233649     491522     540706     102346          1          0 
    233703     233697     491522     540706     102391          1          0 
    233971     233965     491522     540738     102477          1          0 
    233923     233914     491522     540738     102433          1          0 
    233283     233278     491522     540674     102156          1          0 
    235143     235136     491522     540836     102819          2          0 
    234047     234039     491522     540674     102916          1          0 
    234107     234103     491522     540738     102578          1          0 
    234303     234299     491522     540770     102632          1          0 
    233607     233601     491522     540706     102300          1          0 
    233831     233824     491522     540706     102275          1          2 
    233651     234098     491522     540706     102345          2          0 
    233639     233634     491522     540706     102336          1          0 
    234099     234094     491522     540706     102779          1          0 
    233507     233500     491522     540674     102368          1          0 
    233651     233645     491522     540706     102348          1          0 
    233727     233723     491522     540706     102423          1          0 
    233639     233632     491522     540674     102512          1          0 
    233667     233658     491522     540706     102348          1          0 
    233323     233317     491522     540674     102193          1          0 
    233883     233880     491522     540738     102390          1          0 
    233711     233940     491522     540738     102230          2          0 
    233867     233858     491522     540708     102475          2          0 
    233623     233619     491522     540674     102468          1          0 
    234819     234810     491522     540802     102510          1          2 
    233791     233783     491522     540676     102570          2          0 
    234183     234178     491522     540706     102881          1          0 
    234879     234872     491522     540674     103749          1          0 
    233675     233670     491522     540706     102371          1          0 
    233499     233493     491522     540674     102372          1          0 
    233291     233286     491522     540674     102164          1          0 
    235811     235805     491522     540674     104688          1          0 
    233215     233212     491522     540674     102086          1          0 
    233511     233503     491522     540674     102381          1          0 
    233483     233479     491522     540674     102354          1          0 
    233371     233363     491522     540674     102242          1          0 
    233423     233419     491522     540674     102298          1          0 
    233427     233420     491522     540674     102299          1          0 
    233435     233431     491522     540674     102311          1          0 
    233415     233410     491522     540674     102287          1          0 
    233375     233370     491522     540674     102250          1          0 
    233527     233522     491522     540674     102403          1          0 
    233395     233391     491522     540674     102269          1          0 
    246763     234278     491523     540874     102254          6          0 
    233431     233425     491522     540674     102305          1          0 
    233387     233384     491522     540674     102261          1          0 
    233479     233472     491522     540674     102350          1          0 
    233243     233235     491522     540674     102112          1          0 
    233387     233382     491522     540674     102262          1          0 
    233287     233281     491522     540674     102155          1          0 
    233375     233365     491522     540674     102248          1          0 
    233411     233406     491522     540674     102286          1          0 
    233391     233386     491522     540674     102265          1          0 
    233359     233356     491522     540674     102236          1          0 
    233435     233430     491522     540674     102308          1          0 
    233411     233405     491522     540674     102285          1          0 
    233559     233551     491522     540674     102431          1          0 
    233471     233465     491522     540674     102342          1          0 
    233331     233323     491522     540674     102207          1          0 
    233303     233299     491522     540674     102176          1          0 
    233359     233350     491522     540674     102230          1          0 
    233519     233514     491522     540674     102392          1          0 
    233295     233288     491522     540674     102167          1          0 
    233435     233429     491522     540674     102303          1          0 
    233363     233359     491522     540674     102237          1          0 
    233507     233504     491522     540674     102384          1          0 
    233423     233413     491522     540674     102290          1          0 
    233323     233318     491522     540674     102193          1          0 
    233447     233439     491522     540674     102319          1          0 
    233403     233401     491522     540674     102278          1          0 
    233315     233305     491522     540674     102182          1          0 
    233199     233193     491522     540674     102071          1          0 
    233439     233429     491522     540674     102305          1          0 
    233415     233410     491522     540674     102287          1          0 
    233443     233439     491522     540674     102317          1          0 
    233255     233247     491522     540674     102124          1          0 
    233335     233328     491522     540674     102209          1          0 
    233359     233354     491522     540674     102232          1          0 
    233451     233442     491522     540674     102325          1          0 
    233383     233379     491522     540674     102263          1          0 
    233335     233328     491522     540674     102209          1          0 
    233483     233477     491522     540674     102356          1          0 
