
     Clock   Core cyc   Instruct       Uops   res.stl.   L1D Miss   CodeMiss 
   1163547     438489     491778     611076     133917        393          4 
    235893     235945     491522     540738     104387          6          0 
    237353     237374     491522     540802     105483          1          0 
    235005     235034     491522     540866     102786          1          0 
    236265     236284     491522     540738     104753          2          0 
    237229     237248     491522     541090     103485          1          0 
    237889     237908     491522     541060     104149          2          0 
    238181     238203     491522     541154     103221          1          4 
    235249     235271     491522     540930     102698          1          0 
    237637     237665     491522     540962     104886          1          0 
    237725     237746     491522     540962     104966          1          0 
    234429     234453     491522     540674     103285          1          0 
    238741     238758     491522     540994     105528          1          1 
    236933     236951     491522     540868     104133          2          2 
    236493     236513     491522     540868     104201          2          0 
    240113     240136     491522     541156     104459          2          3 
    241189     241212     491522     541218     106844          1          0 
    237333     237353     491522     541026     104201          1          0 
    236733     236920     491522     540962     103720          1          2 
    235917     235936     491522     540868     103614          3          0 
    238361     238382     491522     540898     105012          2          3 
    238121     238140     491522     540994     104538          2          2 
    237753     237779     491522     540930     104972          2          0 
    236369     236389     491522     540836     104255          3          0 
    235697     235717     491522     540834     103654          2          0 
    235161     235183     491522     540802     103304          3          0 
    236433     236701     491522     540866     104026          3          0 
    236045     236066     491522     540770     104031          2          0 
    236289     236308     491522     540770     103762          2          2 
    236429     236448     491522     540866     104190          2          0 
    238905     238933     491522     540962     106169          2          0 
    234009     234033     491522     540738     102520          2          0 
    234873     234892     491522     540770     103193          2          0 
    235865     235887     491522     540802     103493          2          3 
    236285     236311     491522     540962     103562          3          0 
    234545     234568     491522     540738     103058          2          0 
    234885     234903     491522     540738     103392          2          0 
    236253     236274     491522     540708     104834          3          0 
    234989     235009     491522     540772     103251          3          0 
    235897     235919     491522     540802     103852          2          0 
    235861     235893     491522     540770     104047          1          0 
    237761     238924     491522     540770     105347          2          1 
    234469     234488     491522     540738     102735          1          0 
    234961     234992     491522     540866     102454          1          0 
    237509     237532     491522     540994     103577          1          3 
    235997     236163     491522     540834     103942          1          0 
    234629     234650     491522     540802     102775          2          0 
    234057     234079     491522     540770     102389          1          0 
    295517     236426     491523     540906     102655         11          3 
    234189     234166     491522     540738     102689          1          0 
    234097     234073     491522     540738     102597          1          0 
    234069     234043     491522     540738     102567          1          0 
    234685     234663     491522     540834     102621          1          0 
    235437     235414     491522     540802     103584          2          0 
    234797     234774     491522     540738     103277          1          0 
    234805     234785     491522     540866     102588          1          0 
    234413     234386     491522     540802     102548          1          0 
    236757     236730     491522     541026     103630          1          0 
    236937     236915     491522     541186     102912          1          0 
    236649     236623     491522     541122     102992          1          0 
    236689     236664     491522     540898     104295          2          0 
    247629     247604     491522     540898     115222          1          0 
    236381     236357     491522     541154     102523          1          1 
    235845     235821     491522     540838     103460          3          0 
    234797     234969     491522     540802     102738          2          1 
    235165     235140     491522     540898     102763          1          0 
    235553     235529     491522     540898     102927          1          0 
    235677     235652     491522     540868     103378          2          0 
    234377     234353     491522     540770     102688          1          0 
    236773     236750     491522     541090     103002          1          2 
    235825     235798     491522     540994     102879          1          0 
    234905     234881     491522     540804     102953          2          0 
    238213     238191     491522     541154     103754          1          3 
    236153     236528     491522     541090     102865          2          0 
    239045     239021     491522     541186     104018          1          2 
    237009     236985     491522     540962     104263          1          0 
    236421     236401     491522     541026     103308          1          0 
    235877     235852     491522     540932     103225          2          0 
    235725     235702     491522     540994     102791          1          0 
    236789     236763     491522     541058     103496          1          0 
    235513     235490     491522     540802     103661          1          0 
    238533     238509     491522     541314     103486          2          0 
    237049     237025     491522     541026     103758          2          1 
    237749     237728     491522     541122     104104          1          0 
    237977     237953     491522     541250     103629          1          0 
    236121     236099     491522     541026     103005          1          0 
    235585     235561     491522     540806     103585          3          0 
    236085     236060     491522     540898     103671          1          0 
    236561     236540     491522     541058     103278          1          0 
    236937     236912     491522     541122     103271          1          0 
    238509     238488     491522     541090     104460          1          2 
    234389     234368     491522     540738     102889          1          0 
    237553     237527     491522     540994     104349          1          1 
    235541     235516     491522     540834     103480          1          0 
    235573     235550     491522     540834     103527          1          0 
    234501     234477     491522     540772     102747          2          0 
    235061     235040     491522     540930     102509          1          0 
    235165     235142     491522     540836     103052          2          0 
    236381     236601     491522     540866     104172          2          0 
    234881     234857     491522     540866     102495          1          0 
    237501     237478     491522     540930     104778          1          0 
    237129     237104     491522     540898     104738          1          0 
    234193     234173     491522     540738     102679          1          0 
    265041     236949     491523     541002     103559          6          0 
    236697     236674     491522     540802     104645          1          0 
    234793     234767     491522     540738     103289          2          0 
    235369     235343     491522     540834     102889          1          0 
    234873     234850     491522     540802     102824          1          1 
    234753     234732     491522     540834     102700          1          0 
    234985     234960     491522     540802     102945          1          1 
    236141     236116     491522     540866     103114          1          5 
    236229     236203     491522     540804     104299          2          0 
    234817     234793     491522     540770     103135          1          0 
    234797     234772     491522     540706     103470          1          0 
    234073     234248     491522     540706     102751          2          0 
    236285     236262     491522     540866     104062          1          0 
    234421     234400     491522     540802     102559          1          0 
    236425     236401     491522     541026     102962          1          1 
    233781     233759     491522     540674     102637          1          0 
    235213     235190     491522     540834     103008          2          1 
    234973     234950     491522     540866     102502          1          1 
    235045     235021     491522     540866     102809          1          0 
    235601     235578     491522     540900     102985          2          0 
    237137     237114     491522     541154     102847          1          0 
    236029     236004     491522     540962     103280          1          0 
    235073     235048     491522     540834     102859          1          0 
    235661     235637     491522     541026     102553          1          0 
    236329     236305     491522     540994     102872          1          3 
    235437     235416     491522     540962     102695          1          0 
    235801     235778     491522     540994     102863          1          0 
    236957     236935     491522     541186     102957          1          0 
    235333     235307     491522     540930     102755          1          0 
    236673     236814     491522     541122     102936          1          2 
    235333     235308     491522     540962     102572          1          0 
    234289     234265     491522     540738     102769          1          0 
    235053     235030     491522     540898     102642          1          0 
    236229     236207     491522     540962     103478          2          0 
    237789     237765     491522     541346     102859          1          0 
    235373     235348     491522     540866     103161          1          0 
    235889     235869     491522     540994     102785          1          0 
    237393     237606     491522     540994     104047          2          2 
    235469     235444     491522     540900     103016          2          0 
    235021     234997     491522     540898     102626          1          0 
    235081     235057     491522     540898     102715          1          0 
    236165     236142     491522     540898     103775          1          0 
    237357     237332     491522     541154     103343          1          0 
    235045     235023     491522     540804     103112          2          0 
    235717     235861     491522     540930     102890          1          1 
    237337     237316     491522     540994     104405          1          0 
    236405     236382     491522     540898     102852          1          2 
