
     Clock   Core cyc   Instruct       Uops   res.stl.   L1D Miss   CodeMiss 
   1088945     420315     491778     611074     131079        311          1 
    233635     233672     491522     540674     102471          4          0 
    233491     233502     491522     540674     102343          1          0 
    233419     233426     491522     540674     102267          1          0 
    233335     233343     491522     540674     102181          1          0 
    233351     233358     491522     540674     102202          1          0 
    233299     233309     491522     540674     102148          1          0 
    233271     233278     491522     540674     102121          1          0 
    233343     233352     491522     540674     102195          1          0 
    233403     233411     491522     540674     102246          1          0 
    233431     233438     491522     540674     102279          2          0 
    233311     233322     491522     540674     102160          1          0 
    233407     233416     491522     540674     102252          1          0 
    233335     233344     491522     540674     102182          1          0 
    233555     233562     491522     540674     102402          1          0 
    233339     233352     491522     540674     102190          1          0 
    233587     233598     491522     540674     102436          2          0 
    233531     233538     491522     540674     102375          1          0 
    233443     233450     491522     540674     102290          1          0 
    233323     233333     491522     540674     102177          1          0 
    233683     233689     491522     540706     102345          1          0 
    233527     233536     491522     540674     102373          1          0 
    233471     233482     491522     540674     102322          1          0 
    233407     233414     491522     540674     102255          1          0 
    233443     233454     491522     540674     102293          1          0 
    233323     233332     491522     540674     102171          1          0 
    233427     233437     491522     540674     102280          1          0 
    233823     233832     491522     540738     102316          1          0 
    233471     233481     491522     540674     102308          1          0 
    233299     233306     491522     540674     102146          1          0 
    233707     233716     491522     540674     102558          1          0 
    233551     233558     491522     540674     102403          1          0 
    233819     233824     491522     540706     102487          1          0 
    233555     233565     491522     540674     102408          1          0 
    233407     233415     491522     540674     102250          1          0 
    233575     233582     491522     540706     102245          1          0 
    233423     233434     491522     540674     102272          2          0 
    233263     233268     491522     540674     102113          1          0 
    233771     233782     491522     540706     102438          1          0 
    233707     233715     491522     540738     102198          1          0 
    233447     233457     491522     540674     102302          2          0 
    234079     234086     491522     540770     102376          1          0 
    233783     233794     491522     540706     102450          1          0 
    233655     233664     491522     540706     102330          1          0 
    233379     233389     491522     540674     102226          1          0 
    268407     234978     491523     540874     102326         11          3 
    233423     233430     491522     540674     102270          2          0 
    233491     233499     491522     540674     102334          2          0 
    233467     233472     491522     540674     102311          2          0 
    233575     233580     491522     540674     102424          2          0 
    233619     233630     491522     540674     102469          2          0 
    233603     233612     491522     540674     102452          2          0 
    233567     233573     491522     540674     102410          2          0 
    233527     233538     491522     540674     102377          2          0 
    233411     233419     491522     540674     102255          2          0 
    233427     233435     491522     540674     102275          2          0 
    233443     233452     491522     540674     102291          2          0 
    233623     233631     491522     540706     102298          2          0 
    233347     233353     491522     540674     102177          2          0 
    233999     234008     491522     540738     102488          2          0 
    233503     233510     491522     540674     102351          2          0 
    233543     233552     491522     540674     102395          2          0 
    233371     233381     491522     540674     102221          2          0 
    233491     233497     491522     540674     102334          2          0 
    233487     233495     491522     540674     102335          2          0 
    233307     233312     491522     540674     102149          2          0 
    233415     233422     491522     540674     102264          2          0 
    233959     233966     491522     540738     102459          2          0 
    233423     233441     491522     540674     102272          2          0 
    233743     233753     491522     540674     102593          2          0 
    233759     233767     491522     540706     102429          2          0 
    233311     233319     491522     540674     102157          2          0 
    234087     234094     491522     540674     102937          2          0 
    233283     233290     491522     540674     102131          2          0 
    233951     233962     491522     540674     102799          2          0 
    233507     233516     491522     540674     102352          2          0 
    233267     233276     491522     540674     102116          2          0 
    233471     233480     491522     540674     102322          2          0 
    233587     233596     491522     540674     102434          2          0 
    233883     233890     491522     540706     102555          2          0 
    233487     233494     491522     540674     102333          2          0 
    233647     233652     491522     540706     102319          2          0 
    233455     233460     491522     540674     102299          2          0 
    234251     234260     491522     540706     102923          2          0 
    233975     233987     491522     540706     102650          2          0 
    234195     234202     491522     540706     102861          2          0 
    233531     233540     491522     540706     102204          2          0 
    234275     234283     491522     540770     102585          2          0 
    235075     235084     491522     540708     103661          4          0 
    234159     234170     491522     540676     102938          3          0 
    234287     234296     491522     540770     102601          2          0 
    234811     234821     491522     540866     102464          2          0 
    236155     236126     491522     540994     103027          1          0 
    235791     235760     491522     540898     103388          2          0 
    234951     235120     491522     540770     103276          2          0 
    235311     235283     491522     540802     103191          1          2 
    233603     233575     491522     540674     102457          1          0 
    237163     237135     491522     540802     105305          1          0 
    234651     234620     491522     540706     103300          1          0 
    237055     237025     491522     540930     103964          1          3 
    237775     237746     491522     540804     105818          3          0 
    252711     236488     491523     541002     103628          6          0 
    236395     236366     491522     540802     103914          1          1 
    239635     239603     491522     540802     107767          2          0 
    235303     235273     491522     540772     103549          2          0 
    237127     237094     491522     540930     104258          1          1 
    234735     234706     491522     540770     103056          1          0 
    236095     236067     491522     540802     103898          2          0 
    235103     235073     491522     540836     102713          2          1 
    234779     234748     491522     540834     102720          1          0 
    235755     235727     491522     540866     103302          1          2 
    235671     235640     491522     540740     104085          4          0 
    234031     234002     491522     540706     102707          1          0 
    236055     236025     491522     540834     104009          1          0 
    236971     237177     491522     540866     104746          2          0 
    235711     235681     491522     540930     102762          1          2 
    235155     235125     491522     540802     103290          1          0 
    236235     236450     491522     540738     104722          2          0 
    234027     233999     491522     540738     102517          1          0 
    237463     237434     491522     540932     104603          2          1 
    236111     236081     491522     540738     104396          2          1 
    235347     235316     491522     540866     102901          1          1 
    234907     234874     491522     540738     103403          1          0 
    233975     233944     491522     540706     102642          1          0 
    233675     233644     491522     540706     102341          1          0 
    239799     239770     491522     540834     106863          1          0 
    236295     236262     491522     540770     104613          1          0 
    234515     234486     491522     540804     102587          2          0 
    234875     234841     491522     540770     103186          1          0 
    235315     235285     491522     540834     103253          1          0 
    237287     237259     491522     540802     105379          1          0 
    234827     234800     491522     540770     103143          1          0 
    235319     235290     491522     540900     102847          2          0 
    234431     234404     491522     540770     102748          1          0 
    233483     233452     491522     540706     102153          1          0 
    233999     233969     491522     540738     102492          1          0 
    233879     233848     491522     540674     102710          1          0 
    234631     234599     491522     540706     103304          1          0 
    234835     234806     491522     540834     102761          1          0 
    234207     234176     491522     540770     102519          1          0 
    234999     234968     491522     540802     102903          1          0 
    234275     234246     491522     540802     102388          1          0 
    236171     236143     491522     541090     102461          1          0 
    233767     233736     491522     540738     102248          1          0 
    237423     237396     491522     540706     105855          1          2 
    235059     235029     491522     540898     102647          1          0 
    233839     233806     491522     540738     102312          1          0 
    235327     235296     491522     540802     103200          1          1 
    234251     234220     491522     540770     102553          1          0 
    233403     233374     491522     540674     102255          1          0 
