
     Clock   Core cyc   Instruct       Uops   res.stl.   L1D Miss   CodeMiss 
   1121146     430698     491778     611076     128834        259          3 
    234199     234247     491522     540738     102654          4          0 
    233891     233860     491522     540706     102561          0          0 
    233635     233605     491522     540674     102481          0          0 
    233707     233677     491522     540674     102546          0          0 
    233739     233710     491522     540674     102592          0          0 
    233915     233883     491522     540674     102763          0          0 
    233651     233621     491522     540674     102502          0          0 
    233707     233678     491522     540674     102558          0          0 
    233703     233674     491522     540674     102550          0          0 
    233651     233621     491522     540674     102505          0          0 
    233495     233467     491522     540674     102345          0          0 
    233595     233564     491522     540674     102441          0          0 
    261179     234658     491523     540874     102637         10          3 
    233811     233782     491522     540674     102656          2          0 
    233619     233590     491522     540674     102470          1          0 
    233963     233937     491522     540674     102814          1          0 
    233739     233708     491522     540674     102589          1          0 
    233771     233743     491522     540674     102623          1          0 
    233935     233905     491522     540674     102781          1          0 
    233771     233743     491522     540674     102618          1          0 
    233795     233764     491522     540674     102647          1          0 
    233827     233798     491522     540674     102679          1          0 
    233755     233725     491522     540674     102603          1          0 
    233671     233642     491522     540674     102521          1          0 
    233615     233584     491522     540674     102466          1          0 
    233643     233613     491522     540674     102493          1          0 
    233715     233686     491522     540674     102565          1          0 
    233671     233642     491522     540674     102521          1          0 
    233827     233798     491522     540674     102676          1          0 
    233679     233647     491522     540674     102524          1          0 
    233667     233639     491522     540674     102520          1          0 
    233651     233622     491522     540674     102497          1          0 
    233875     233845     491522     540674     102727          1          0 
    233803     233772     491522     540674     102653          1          0 
    233675     233645     491522     540674     102522          1          0 
    233711     233679     491522     540674     102552          1          0 
    233571     233540     491522     540674     102416          1          0 
    233739     233711     491522     540674     102587          1          0 
    233603     233571     491522     540674     102451          1          0 
    233751     233724     491522     540674     102604          0          0 
    233619     233586     491522     540674     102465          0          0 
    233687     233656     491522     540674     102532          0          0 
    233715     233681     491522     540674     102563          0          0 
    233431     233401     491522     540674     102273          0          0 
    233855     233826     491522     540674     102703          0          0 
    233803     233776     491522     540674     102652          0          0 
    233527     233494     491522     540674     102372          0          0 
    233819     233791     491522     540674     102668          0          0 
    233775     233744     491522     540674     102622          0          0 
    233707     233677     491522     540674     102555          0          0 
    233719     233688     491522     540674     102566          0          0 
    233811     233784     491522     540674     102660          0          0 
    233811     233780     491522     540674     102664          0          0 
    233691     233660     491522     540674     102539          0          0 
    233571     233542     491522     540674     102423          0          0 
    233811     233784     491522     540674     102660          0          0 
    233727     233697     491522     540674     102574          0          0 
    233683     233656     491522     540674     102532          0          0 
    233827     233796     491522     540674     102676          0          0 
    233823     233791     491522     540674     102668          0          0 
    233667     233636     491522     540674     102515          0          0 
    233711     233684     491522     540674     102565          0          0 
    233851     233818     491522     540674     102699          0          0 
    233703     233672     491522     540674     102552          0          0 
    233499     233467     491522     540674     102352          0          0 
    233779     233752     491522     540674     102633          0          0 
    233611     233580     491522     540674     102461          0          0 
    233723     233694     491522     540674     102567          0          0 
    249439     234567     491523     540874     102741          6          1 
    233903     233873     491522     540674     102757          1          0 
    233639     233613     491522     540674     102489          1          0 
    233819     233791     491522     540674     102676          1          0 
    233731     233704     491522     540674     102585          1          0 
    233979     233951     491522     540674     102834          1          0 
    233643     233613     491522     540674     102489          1          0 
    233823     233791     491522     540674     102676          1          0 
    233631     233600     491522     540674     102479          1          0 
    233871     233841     491522     540674     102720          1          0 
    233955     233925     491522     540674     102799          1          0 
    233747     233714     491522     540674     102598          1          0 
    233727     233696     491522     540674     102573          1          0 
    233731     233700     491522     540674     102577          1          0 
    233703     233674     491522     540674     102549          1          0 
    233787     233756     491522     540674     102635          1          0 
    233827     233799     491522     540674     102678          1          0 
    233607     233579     491522     540674     102457          1          0 
    233791     233761     491522     540674     102640          1          0 
    233667     233638     491522     540674     102519          1          0 
    233727     233701     491522     540674     102582          1          0 
    233611     233579     491522     540674     102457          1          0 
    233843     233816     491522     540674     102693          1          0 
    233663     233630     491522     540674     102513          1          0 
    233779     233750     491522     540674     102623          1          0 
    233903     233873     491522     540674     102753          1          0 
    233799     233768     491522     540674     102645          1          0 
    233707     233676     491522     540674     102556          1          0 
    233807     233781     491522     540674     102655          1          0 
    233755     233722     491522     540674     102598          1          0 
    233947     233916     491522     540674     102792          1          0 
    233691     233657     491522     540674     102538          1          0 
    233731     233704     491522     540674     102585          1          0 
    233983     233951     491522     540674     102834          1          0 
    233815     233787     491522     540674     102662          1          0 
    233619     233588     491522     540674     102472          1          0 
    233735     233704     491522     540674     102585          1          0 
    233683     233651     491522     540674     102531          1          0 
    233819     233788     491522     540674     102669          1          0 
    233759     233726     491522     540674     102608          1          0 
    233627     233595     491522     540674     102473          1          0 
    233767     233735     491522     540674     102612          1          0 
    233547     233518     491522     540674     102393          1          0 
    233691     233657     491522     540674     102538          1          0 
    233859     233833     491522     540674     102712          1          0 
    233779     233750     491522     540674     102631          1          0 
    233939     233911     491522     540674     102792          2          0 
    233835     233803     491522     540674     102686          1          0 
    234923     234892     491522     540866     102736          1          0 
    233727     233699     491522     540674     102546          1          0 
    234039     234008     491522     540674     102886          1          0 
    233855     233828     491522     540674     102703          1          0 
    234519     234486     491522     540802     102658          1          0 
    233783     233752     491522     540674     102627          1          0 
    233851     233820     491522     540674     102697          1          0 
    233875     233842     491522     540706     102539          1          0 
    242091     234475     491523     540874     102677          5          0 
    234147     234114     491522     540674     102995          1          0 
    233863     233834     491522     540706     102530          1          0 
    236023     235993     491522     540740     104044          2          0 
    234727     234697     491522     540706     103394          1          0 
    237155     237122     491522     540802     104648          2          2 
    235055     235024     491522     540770     103363          1          0 
    235815     235783     491522     540706     104487          3          0 
    236763     236732     491522     540866     104533          1          0 
    235631     235604     491522     540802     103775          1          0 
    236871     236841     491522     540898     104465          1          0 
    236687     236657     491522     540706     105357          1          0 
    234383     234355     491522     540770     102720          1          0 
    235851     235819     491522     540834     103807          2          0 
    237063     237383     491522     540806     105060          4          0 
    234951     234921     491522     540770     103275          1          0 
    235703     235671     491522     540834     102966          1          3 
    238063     238034     491522     541026     104399          1          2 
    237499     237469     491522     540834     105043          2          3 
    235911     235880     491522     540802     104032          2          0 
    235863     235833     491522     540706     104524          1          0 
    235871     235843     491522     540898     103215          1          1 
    236223     236191     491522     540930     103262          1          1 
    237475     237448     491522     540866     105079          2          0 
    236675     236643     491522     540898     103396          1          5 
