
     Clock   Core cyc   Instruct       Uops   res.stl.   L1D Miss   CodeMiss 
   1175505     439941     491779     611624     133877        336          3 
    239519     239811     491522     540674     108388          4          0 
    236419     236411     491522     540674     105290          0          0 
    237139     237386     491522     540706     105831          2          0 
    242495     242487     491522     540930     109935          2          0 
    236407     236404     491522     540802     104571          1          0 
    240871     240866     491522     540866     108676          2          0 
    237979     238361     491522     540898     105610          2          0 
    236231     236225     491522     540834     103992          2          0 
    236151     236312     491522     540804     104424          4          0 
    242787     242781     491522     541154     108657          1          1 
    237511     237506     491522     540834     105490          3          0 
    239519     239795     491522     540962     106065          3          3 
    240135     240130     491522     540898     107744          2          0 
    235855     236047     491522     540834     103834          2          0 
    236223     236469     491522     540866     104020          2          0 
    239527     239524     491522     540994     105310          1          1 
    240183     240537     491522     540866     104783          2          3 
    235091     235384     491522     540706     103784          2          0 
    236359     236351     491522     540834     104065          3          0 
    234547     234541     491522     540802     102694          1          0 
    233967     233960     491522     540674     102836          3          0 
    239895     239890     491522     540674     108764          3          0 
    235239     235233     491522     540738     103413          1          0 
    236515     236508     491522     540674     105389          3          0 
    235871     235869     491522     540674     104750          1          0 
    233751     233743     491522     540674     102621          1          0 
    236087     236082     491522     540738     104552          2          0 
    234103     234100     491522     540676     102904          2          0 
    238571     238566     491522     540706     107264          1          0 
    233431     233427     491522     540674     102308          1          0 
    233647     233641     491522     540674     102520          1          0 
    233711     233704     491522     540674     102583          1          0 
    233435     233428     491522     540674     102308          1          0 
    233435     233432     491522     540674     102308          1          0 
    233383     233377     491522     540674     102254          1          0 
    233883     233878     491522     540674     102760          1          0 
    234639     234630     491522     540674     103511          1          0 
    235363     235359     491522     540674     104236          1          0 
    233707     233699     491522     540674     102580          1          0 
    233919     233914     491522     540674     102755          0          0 
    233611     233602     491522     540674     102480          0          0 
    234935     234928     491522     540706     103631          0          0 
    233659     233653     491522     540674     102529          0          0 
    233671     233665     491522     540706     102366          0          0 
    234043     234037     491522     540738     102391          0          1 
    234439     234432     491522     540676     103236          1          0 
    234271     234265     491522     540674     103102          0          0 
    233887     233883     491522     540674     102763          0          0 
    233635     233627     491522     540706     102325          0          0 
    234899     234891     491522     540674     103769          1          0 
    233383     233377     491522     540674     102262          0          0 
    255535     237284     491523     540940     103941         10          2 
    234019     234012     491522     540674     102836          1          0 
    233695     233689     491522     540674     102567          1          0 
    234675     234671     491522     540676     103472          2          0 
    233819     233813     491522     540706     102323          1          0 
    233751     233746     491522     540706     102420          1          0 
    233535     233528     491522     540674     102407          1          0 
    233883     233876     491522     540738     102401          1          0 
    234399     234393     491522     540770     102740          1          0 
    233503     233500     491522     540674     102378          1          0 
    240395     240390     491522     540738     108873          1          0 
    237423     237421     491522     540738     105942          1          2 
    233931     233926     491522     540706     102610          1          0 
    233907     233901     491522     540706     102606          1          0 
    233787     233785     491522     540706     102482          1          0 
    234759     234752     491522     540738     103269          1          0 
    233655     233650     491522     540674     102527          1          0 
    233403     233395     491522     540674     102276          1          0 
    233759     233755     491522     540674     102631          1          0 
    234659     234654     491522     540738     103176          1          0 
    233675     233671     491522     540674     102555          1          0 
    236371     236367     491522     540676     105174          2          0 
    235375     235367     491522     540770     103680          1          0 
    236539     236530     491522     540674     105414          2          0 
    234407     234401     491522     540706     103104          1          0 
    234035     234031     491522     540674     102910          1          0 
    233927     233922     491522     540674     102801          1          0 
    233459     233454     491522     540674     102330          1          0 
    236807     236798     491522     540674     105679          1          0 
    233959     233956     491522     540706     102483          1          0 
    234339     234332     491522     540738     102851          1          0 
    234559     234555     491522     540674     103431          1          0 
    234231     234225     491522     540676     103032          3          0 
    233451     233443     491522     540674     102327          1          0 
    233755     233750     491522     540674     102630          1          0 
    233423     233419     491522     540674     102295          1          0 
    233727     233723     491522     540706     102430          1          0 
    234591     234583     491522     540706     103285          1          0 
    235943     235933     491522     540674     104810          1          0 
    233375     233370     491522     540674     102251          1          0 
    234087     234082     491522     540674     102959          1          0 
    233615     233610     491522     540706     102310          1          0 
    233839     233832     491522     540674     102709          1          0 
    233531     233525     491522     540674     102400          1          0 
    235199     235190     491522     540674     104069          1          0 
    233535     233528     491522     540674     102412          1          0 
    233903     233895     491522     540706     102596          1          0 
    233263     233258     491522     540674     102136          1          0 
    234175     234169     491522     540674     103053          1          0 
    233515     233509     491522     540674     102385          1          0 
    233515     233508     491522     540674     102390          1          0 
    233403     233397     491522     540674     102272          1          0 
    233347     233343     491522     540674     102225          1          0 
    233535     233527     491522     540674     102404          1          0 
    233543     233536     491522     540674     102413          1          0 
    233491     233487     491522     540674     102367          1          0 
    254575     234978     491523     540876     103122          7          3 
    233671     233665     491522     540674     102548          1          0 
    233559     233555     491522     540674     102425          1          0 
    233495     233489     491522     540674     102369          1          0 
    233411     233405     491522     540674     102285          1          0 
    233475     233470     491522     540674     102349          1          0 
    233559     233555     491522     540674     102436          1          0 
    233495     233488     491522     540674     102370          1          0 
    233567     233562     491522     540674     102439          1          0 
    233519     233511     491522     540674     102391          1          0 
    233535     233532     491522     540674     102412          1          0 
    233611     233606     491522     540674     102484          1          0 
    233539     233534     491522     540674     102408          1          0 
    233635     233627     491522     540674     102503          1          0 
    233455     233451     491522     540674     102330          1          0 
    233511     233504     491522     540674     102386          1          0 
    233399     233394     491522     540674     102268          1          0 
    233579     233571     491522     540674     102454          1          0 
    233515     233512     491522     540674     102392          1          0 
    233607     233601     491522     540674     102482          1          0 
    233451     233443     491522     540674     102325          1          0 
    233791     233785     491522     540674     102667          1          0 
    233703     233699     491522     540674     102573          1          0 
    233511     233504     491522     540674     102386          1          0 
    233615     233610     491522     540674     102487          1          0 
    233515     233508     491522     540674     102391          1          0 
    233251     233247     491522     540674     102125          1          0 
    233359     233350     491522     540674     102230          1          0 
    233359     233356     491522     540674     102238          1          0 
    233515     233508     491522     540674     102387          1          0 
    233499     233493     491522     540674     102370          1          0 
    233495     233489     491522     540674     102369          1          0 
    233447     233441     491522     540674     102318          1          0 
    233659     233650     491522     540674     102527          1          0 
    233279     233277     491522     540674     102156          1          0 
    233443     233437     491522     540674     102321          1          0 
    233479     233475     491522     540674     102352          1          0 
    233503     233493     491522     540674     102376          1          0 
    233423     233418     491522     540674     102295          1          0 
    233459     233451     491522     540674     102328          1          0 
    233451     233443     491522     540674     102318          1          0 
    233703     233698     491522     540674     102578          1          0 
