
     Clock   Core cyc   Instruct       Uops   res.stl.   L1D Miss   CodeMiss 
   1087665     420046     491778     611074     130538        200          6 
    233541     233600     491522     540674     102400          5          0 
    233633     233610     491522     540674     102488          0          0 
    233521     233500     491522     540674     102374          0          0 
    233433     233405     491522     540674     102284          0          0 
    233537     233513     491522     540674     102388          0          0 
    233621     233598     491522     540674     102477          0          0 
    233353     233330     491522     540674     102208          0          0 
    233485     233460     491522     540674     102337          0          0 
    233517     233493     491522     540674     102370          0          0 
    233441     233416     491522     540674     102299          0          0 
    233701     233678     491522     540674     102557          0          0 
    233409     233384     491522     540674     102264          0          0 
    233693     233670     491522     540674     102554          0          0 
    233461     233434     491522     540674     102310          0          0 
    233549     233523     491522     540674     102403          0          0 
    233593     233566     491522     540674     102449          0          0 
    233657     233634     491522     540674     102514          0          0 
    233661     233637     491522     540674     102518          0          0 
    233381     233357     491522     540674     102232          0          0 
    233497     233474     491522     540674     102358          0          0 
    233369     233346     491522     540674     102222          0          0 
    233521     233496     491522     540674     102377          0          0 
    233625     233599     491522     540674     102476          0          0 
    233585     233562     491522     540674     102440          0          0 
    233477     233454     491522     540674     102332          0          0 
    233521     233496     491522     540674     102377          0          0 
    233369     233349     491522     540674     102231          0          0 
    233409     233384     491522     540674     102264          0          0 
    233477     233454     491522     540674     102332          0          0 
    233521     233496     491522     540674     102377          0          0 
    233669     233648     491522     540674     102525          0          0 
    233513     233488     491522     540674     102367          0          0 
    233589     233567     491522     540674     102444          0          0 
    233441     233416     491522     540674     102299          0          0 
    233673     233648     491522     540674     102525          0          0 
    233581     233555     491522     540674     102434          0          0 
    233261     233240     491522     540674     102120          0          0 
    233537     233511     491522     540674     102390          0          0 
    233545     233523     491522     540674     102403          0          0 
    233433     233405     491522     540674     102284          0          0 
    233493     233468     491522     540674     102346          0          0 
    233513     233488     491522     540674     102368          0          0 
    233289     233267     491522     540674     102147          0          0 
    233593     233566     491522     540674     102449          0          0 
    233457     233432     491522     540674     102310          0          0 
    233361     233334     491522     540674     102214          0          0 
    233497     233473     491522     540674     102349          0          0 
    233441     233415     491522     540674     102296          0          0 
    233517     233493     491522     540674     102370          0          0 
    233733     233710     491522     540674     102592          0          0 
    233369     233346     491522     540674     102223          0          0 
    245201     234907     491523     540874     102231         12          1 
    233485     233464     491522     540674     102310          1          0 
    233557     233533     491522     540674     102414          1          0 
    233617     233592     491522     540674     102467          1          0 
    233633     233606     491522     540674     102485          1          0 
    233465     233444     491522     540674     102320          1          0 
    233685     233660     491522     540674     102540          1          0 
    233653     233627     491522     540674     102500          1          0 
    233601     233575     491522     540674     102454          1          0 
    233521     233498     491522     540674     102376          1          0 
    233605     233580     491522     540674     102458          1          0 
    233637     233614     491522     540674     102491          1          0 
    233849     233822     491522     540674     102705          1          0 
    233745     233725     491522     540674     102604          1          0 
    234289     234265     491522     540740     102459          2          2 
    233989     233967     491522     540706     102378          1          0 
    234337     234314     491522     540674     103193          1          0 
    233773     233749     491522     540706     102446          1          0 
    233521     233498     491522     540674     102377          1          0 
    233749     233722     491522     540706     102412          1          0 
    235033     235008     491522     540738     103529          1          0 
    233469     233444     491522     540674     102322          1          0 
    233361     233339     491522     540674     102206          1          0 
    233509     233485     491522     540674     102364          1          0 
    234069     234049     491522     540706     102746          1          0 
    235565     235542     491522     540706     104240          1          0 
    234437     234414     491522     540706     103112          1          0 
    233597     233572     491522     540674     102436          1          0 
    234605     234584     491522     540674     103464          1          0 
    236701     236675     491522     540706     105377          1          0 
    235905     235880     491522     540738     104403          1          0 
    235201     235178     491522     540738     103418          1          1 
    235969     235944     491522     540868     103480          3          1 
    236569     236545     491522     540738     105062          2          0 
    242037     242015     491522     541094     106214          3          0 
    236513     236491     491522     540994     103590          2          1 
    237757     237733     491522     540930     105177          1          0 
    244301     244280     491522     541090     110545          4          1 
    236461     236651     491522     540866     104223          2          0 
    237433     237408     491522     540772     105678          3          0 
    236509     236487     491522     540962     103747          1          0 
    234801     234776     491522     540770     102683          1          6 
    234461     234438     491522     540738     102957          1          0 
    235053     235031     491522     540706     103401          1          0 
    234497     234473     491522     540770     102604          1          1 
    233521     233495     491522     540674     102373          1          0 
    233737     233714     491522     540706     102415          1          0 
    233957     233931     491522     540706     102502          1          0 
    235605     235582     491522     540674     104461          1          0 
    238473     238448     491522     540706     107147          1          0 
    234161     234139     491522     540738     102652          1          0 
    235349     235326     491522     540674     104197          1          0 
    233705     233682     491522     540674     102559          1          0 
    233737     233715     491522     540674     102596          1          0 
    237081     237056     491522     540706     105756          1          0 
    248721     235539     491523     540874     103718          5          0 
    233793     233769     491522     540706     102472          1          0 
    233593     233573     491522     540674     102451          1          0 
    233585     233562     491522     540674     102444          1          0 
    233481     233458     491522     540674     102339          1          0 
    233645     233621     491522     540674     102506          1          0 
    233941     233915     491522     540706     102612          1          0 
    235397     235374     491522     540738     103723          1          1 
    233649     233626     491522     540706     102325          1          0 
    233745     233720     491522     540674     102601          1          0 
    236385     236361     491522     540738     104665          1          1 
    235181     235158     491522     540706     103852          1          0 
    234969     234945     491522     540770     103290          1          0 
    233737     233712     491522     540674     102593          1          0 
    234105     234080     491522     540738     102416          1          1 
    234373     234353     491522     540676     103143          2          0 
    234329     234305     491522     540706     102992          1          0 
    233397     233373     491522     540674     102253          1          0 
    234025     234001     491522     540706     102702          1          0 
    233681     233656     491522     540706     102353          1          0 
    233801     233776     491522     540706     102480          1          0 
    234073     234053     491522     540770     102384          1          0 
    234433     234411     491522     540770     102747          1          0 
    233537     233678     491522     540674     102389          1          0 
    234249     234225     491522     540738     102705          1          0 
    234329     234303     491522     540706     102644          1          0 
    234561     234539     491522     540674     102707          1          0 
    233761     233736     491522     540674     102619          1          0 
    233805     233780     491522     540706     102480          1          0 
    233761     233737     491522     540674     102619          1          0 
    233593     233570     491522     540674     102452          1          0 
    234425     234401     491522     540770     102742          1          0 
    243733     243709     491522     540674     112589          1          0 
    233421     233397     491522     540674     102275          1          0 
    233805     233779     491522     540674     102660          1          0 
    233725     233700     491522     540706     102405          1          0 
    233609     233583     491522     540674     102458          1          0 
    233653     233625     491522     540674     102506          1          0 
    233481     233457     491522     540674     102332          1          0 
    233593     233568     491522     540674     102452          1          0 
    234273     234247     491522     540674     103128          1          0 
    233645     233618     491522     540674     102495          1          0 
    233685     233659     491522     540674     102535          1          0 
