
     Clock   Core cyc   Instruct       Uops   res.stl.   L1D Miss   CodeMiss 
   1143116     436536     491778     611421     131274        312          4 
    233364     233368     491522     540674     102214          2          0 
    233880     233882     491522     540738     102407          2          0 
    234288     234289     491522     540706     102988          1          0 
    233328     233333     491522     540674     102214          1          0 
    233276     233277     491522     540674     102155          1          0 
    233932     233936     491522     540674     102812          1          0 
    233820     233818     491522     540738     102344          1          0 
    235920     235921     491522     540994     102666          1          0 
    233884     233885     491522     540706     102585          1          0 
    234212     234212     491522     540770     102443          1          0 
    234476     234476     491522     540802     102640          2          0 
    233532     233535     491522     540706     102241          1          0 
    235420     235420     491522     540804     103256          2          1 
    235244     235248     491522     540770     103543          3          0 
    234200     234201     491522     540770     102540          1          0 
    235452     235453     491522     540738     103979          1          0 
    234492     234491     491522     540834     102463          1          0 
    234208     234209     491522     540706     102910          1          0 
    234548     234551     491522     540706     103219          1          0 
    238132     238134     491522     540706     106836          1          0 
    235380     235381     491522     540706     104078          2          0 
    233488     233489     491522     540674     102364          1          0 
    233900     233899     491522     540706     102596          2          0 
    234388     234389     491522     540770     102512          1          0 
    234456     234457     491522     540674     103340          2          0 
    233692     233692     491522     540706     102388          2          0 
    233992     233995     491522     540770     102336          1          0 
    233768     233771     491522     540706     102458          1          0 
    233808     233807     491522     540706     102503          2          0 
    234684     234684     491522     540674     103565          1          0 
    233520     233519     491522     540674     102397          1          0 
    235184     235187     491522     540676     103967          2          0 
    281600     236011     491523     540874     103110         10          3 
    236296     236297     491522     540706     104995          1          0 
    233424     233425     491522     540674     102306          1          0 
    233720     233724     491522     540706     102427          1          0 
    233328     233327     491522     540674     102212          1          0 
    233968     233969     491522     540706     102664          1          0 
    233540     233539     491522     540706     102224          1          0 
    233684     233686     491522     540706     102388          0          0 
    234656     234660     491522     540738     103168          1          0 
    234300     234300     491522     540674     103179          0          0 
    234212     234210     491522     540706     102764          0          0 
    234080     234079     491522     540770     102400          0          0 
    234188     234187     491522     540802     102357          0          0 
    233424     233425     491522     540706     102122          0          0 
    233468     233465     491522     540674     102346          0          0 
    233512     233511     491522     540738     102033          0          0 
    234840     234839     491522     540706     103534          0          0 
    236548     236549     491522     540898     104171          0          0 
    233844     233846     491522     540674     102725          0          0 
    233548     233548     491522     540674     102424          0          0 
    233648     233647     491522     540706     102345          0          0 
    233688     233688     491522     540706     102389          0          0 
    233456     233457     491522     540706     102156          0          0 
    233960     233961     491522     540706     102660          0          0 
    233592     233592     491522     540674     102466          0          0 
    233344     233346     491522     540674     102223          0          0 
    233560     233559     491522     540706     102261          0          0 
    233196     233196     491522     540674     102071          0          0 
    233368     233367     491522     540674     102242          0          0 
    233404     233404     491522     540674     102286          0          0 
    233516     233517     491522     540674     102397          0          0 
    233632     233635     491522     540674     102514          0          0 
    233536     233538     491522     540706     102232          0          0 
    233484     233487     491522     540674     102366          0          0 
    233692     233695     491522     540674     102578          0          0 
    233236     233239     491522     540674     102117          0          0 
    233204     233201     491522     540674     102082          0          0 
    233464     233464     491522     540674     102344          0          0 
    233208     233208     491522     540674     102087          0          0 
    233348     233348     491522     540674     102228          0          0 
    233408     233409     491522     540674     102292          0          0 
    233268     233270     491522     540674     102148          0          0 
    233572     233571     491522     540674     102449          0          0 
    233604     233607     491522     540674     102483          0          0 
    233344     233341     491522     540674     102220          0          0 
    233308     233310     491522     540674     102192          0          0 
    233572     233571     491522     540674     102449          0          0 
    233120     233123     491522     540674     102000          0          0 
    233188     233189     491522     540674     102068          0          0 
    233284     233287     491522     540674     102163          0          0 
    233428     233428     491522     540674     102309          0          0 
    233396     233399     491522     540674     102271          0          0 
    233408     233409     491522     540674     102292          0          0 
    233308     233310     491522     540674     102192          0          0 
    233464     233462     491522     540674     102342          0          0 
    247244     233951     491523     540874     102161          4          0 
    233392     233391     491522     540674     102256          1          0 
    233368     233366     491522     540674     102249          1          0 
    233296     233298     491522     540674     102176          1          0 
    233444     233447     491522     540674     102330          1          0 
    233604     233605     491522     540674     102483          1          0 
    233404     233404     491522     540674     102283          1          0 
    234276     234277     491522     540738     102798          1          0 
    234084     234083     491522     540738     102607          2          0 
    234668     234669     491522     540738     103182          2          0 
    233860     233857     491522     540674     102737          1          0 
    233584     233583     491522     540706     102289          1          0 
    234596     234598     491522     540802     102764          1          0 
    233484     233486     491522     540674     102350          1          0 
    233668     233670     491522     540706     102368          1          0 
    233288     233289     491522     540674     102166          1          0 
    233192     233194     491522     540674     102078          1          0 
    233612     233612     491522     540674     102491          1          0 
    233428     233431     491522     540674     102310          1          0 
    233856     233857     491522     540738     102382          1          0 
    233392     233394     491522     540674     102274          1          0 
    233508     233512     491522     540674     102391          1          0 
    233724     233724     491522     540674     102604          1          0 
    233468     233472     491522     540674     102348          1          0 
    233464     233461     491522     540674     102345          1          0 
    233536     233537     491522     540674     102417          1          0 
    233284     233284     491522     540674     102163          1          0 
    233532     233535     491522     540674     102413          1          0 
    233684     233684     491522     540706     102380          1          0 
    233472     233470     491522     540674     102354          1          0 
    234772     234775     491522     540866     102609          1          0 
    234600     234600     491522     540804     102686          2          0 
    233552     233552     491522     540674     102429          1          0 
    234256     234257     491522     540770     102595          1          0 
    233476     233476     491522     540674     102325          1          0 
    235216     235216     491522     540802     102991          1          2 
    235792     235794     491522     540994     102871          3          0 
    234548     234746     491522     540770     102880          2          0 
    236740     236739     491522     541058     103230          1          2 
    233480     233483     491522     540674     102365          1          0 
    233484     233484     491522     540674     102361          1          0 
    233344     233341     491522     540674     102224          1          0 
    233376     233376     491522     540674     102259          1          0 
    233444     233443     491522     540674     102318          1          0 
    233368     233370     491522     540674     102245          1          0 
    233416     233416     491522     540674     102296          1          0 
    233544     233545     491522     540674     102421          1          0 
    233340     233340     491522     540674     102217          1          0 
    233504     233506     491522     540674     102386          1          0 
    233336     233338     491522     540674     102217          1          0 
    233600     233601     491522     540674     102478          1          0 
    233200     233203     491522     540674     102081          1          0 
    233264     233265     491522     540674     102141          1          0 
    233428     233427     491522     540674     102308          1          0 
    233404     233407     491522     540674     102284          1          0 
    233388     233386     491522     540674     102266          1          0 
    250600     234619     491523     540906     102349          7          0 
    233468     233469     491522     540674     102351          1          0 
    233392     233395     491522     540674     102277          1          0 
    233424     233425     491522     540674     102308          1          0 
    233528     233528     491522     540674     102406          1          0 
    233632     233633     491522     540674     102516          1          0 
