
     Clock   Core cyc   Instruct       Uops   res.stl.   L1D Miss   CodeMiss 
   1087159     420098     491778     611074     130729        258          4 
    233499     233511     491522     540674     102309          5          0 
    233335     233305     491522     540674     102188          1          0 
    233427     233397     491522     540674     102281          1          0 
    325851     234855     491523     540874     102796         11          4 
    233231     233201     491522     540674     102079          1          0 
    233503     233476     491522     540674     102340          1          0 
    233459     233430     491522     540674     102314          1          0 
    233495     233466     491522     540674     102342          1          0 
    233451     233420     491522     540674     102301          1          0 
    233407     233375     491522     540674     102249          1          0 
    233427     233393     491522     540674     102273          1          0 
    233483     233454     491522     540674     102329          1          0 
    233227     233197     491522     540674     102073          1          0 
    233675     233645     491522     540674     102526          1          0 
    233383     233353     491522     540674     102232          1          0 
    233299     233270     491522     540674     102149          1          0 
    233419     233390     491522     540674     102269          1          0 
    233283     233255     491522     540674     102132          1          0 
    233455     233424     491522     540674     102304          1          0 
    233511     233482     491522     540674     102359          1          0 
    233363     233331     491522     540674     102214          1          0 
    233355     233325     491522     540674     102201          1          0 
    233571     233541     491522     540674     102424          1          0 
    233467     233439     491522     540674     102317          1          0 
    233663     233631     491522     540674     102508          1          0 
    233759     233728     491522     540674     102605          1          0 
    233411     233380     491522     540674     102259          1          0 
    233455     233425     491522     540674     102305          1          0 
    233531     233501     491522     540674     102382          1          0 
    233607     233580     491522     540674     102454          1          0 
    233731     233701     491522     540706     102406          1          0 
    233355     233324     491522     540674     102202          1          0 
    233311     233282     491522     540674     102148          1          0 
    233415     233384     491522     540674     102261          1          0 
    233235     233204     491522     540674     102078          1          0 
    233407     233378     491522     540674     102262          1          0 
    233419     233392     491522     540674     102273          1          0 
    233435     233402     491522     540674     102282          1          0 
    233455     233423     491522     540674     102305          1          0 
    233511     233481     491522     540674     102364          0          0 
    233339     233310     491522     540674     102190          0          0 
    233499     233469     491522     540674     102351          0          0 
    233375     233349     491522     540674     102226          0          0 
    234039     234012     491522     540706     102513          0          1 
    233431     233401     491522     540706     102107          0          0 
    234815     234782     491522     540866     102343          0          2 
    233679     233851     491522     540706     102354          1          0 
    233671     233644     491522     540706     102341          0          0 
    233807     233779     491522     540674     102645          0          0 
    233715     233686     491522     540706     102388          0          0 
    235163     235132     491522     540738     103622          0          0 
    235895     235861     491522     540738     104205          0          0 
    233595     233566     491522     540674     102430          0          0 
    233319     233289     491522     540674     102171          0          0 
    233771     233741     491522     540706     102392          0          0 
    233723     233693     491522     540738     102213          0          0 
    235223     235192     491522     540738     103718          0          0 
    236291     236259     491522     540674     105120          0          0 
    235407     235375     491522     540834     103166          0          1 
    250455     235618     491523     540876     103312         13          0 
    235627     235595     491522     540674     104474          1          0 
    234867     234840     491522     540674     103718          1          0 
    237159     237129     491522     540772     105102          2          0 
    234727     234697     491522     540770     102823          1          0 
    235811     235784     491522     540898     103104          2          2 
    236367     236336     491522     540868     104040          2          0 
    238679     238651     491522     540804     106738          2          0 
    236531     236501     491522     540994     103610          1          0 
    244395     244651     491522     541378     106803          4          3 
    236375     236344     491522     540770     104692          1          0 
    239439     239411     491522     541186     104846          3          2 
    239079     239277     491522     541060     105504          3          0 
    240799     240772     491522     541058     107215          1          2 
    238115     239197     491522     541092     104546          4          0 
    237931     237903     491522     540930     104797          3          2 
    237147     237116     491522     540772     105384          2          0 
    236391     236560     491522     540834     104328          2          0 
    235843     236072     491522     540740     104267          3          0 
    237307     237276     491522     541090     103798          1          1 
    236835     237084     491522     540930     104228          2          0 
    236187     236154     491522     540868     103887          2          0 
    236319     236292     491522     540706     104987          1          0 
    241031     241002     491522     540866     108793          3          0 
    235943     235914     491522     540834     103897          1          0 
    235931     235899     491522     540930     103088          1          2 
    236555     236522     491522     540802     104482          1          0 
    236399     236771     491522     540964     103569          3          0 
    234479     234451     491522     540770     102609          1          0 
    234767     234736     491522     540770     102850          1          1 
    234739     234712     491522     540738     103235          1          0 
    234619     234588     491522     540802     102355          1          1 
    234779     234747     491522     540674     103463          1          0 
    234435     234406     491522     540708     103036          3          0 
    234587     234554     491522     540706     103039          1          1 
    234159     234131     491522     540738     102653          1          0 
    235435     235405     491522     540706     104104          2          0 
    235963     235932     491522     540770     104279          1          0 
    237931     237901     491522     540738     106134          2          0 
    234307     234276     491522     540770     102609          1          0 
    234259     234232     491522     540738     102755          1          0 
    236055     236023     491522     540770     104040          1          0 
    233943     233915     491522     540706     102616          1          0 
    233751     233720     491522     540674     102599          1          0 
    234115     234086     491522     540706     102787          2          0 
    234139     234109     491522     540706     102695          1          0 
    233539     233508     491522     540706     102202          1          0 
    234899     235109     491522     540740     102916          3          2 
    235451     235421     491522     540866     103027          1          1 
    234047     234015     491522     540674     102895          1          0 
    234819     234792     491522     540802     102566          1          1 
    233843     233816     491522     540738     102332          1          0 
    234183     234155     491522     540706     102858          1          0 
    233431     233402     491522     540706     102096          1          0 
    233935     233903     491522     540706     102605          1          0 
    268699     235510     491523     540874     103069          7          1 
    233523     233493     491522     540674     102372          1          0 
    234755     234724     491522     540706     103118          1          1 
    237931     237901     491522     540706     106600          1          0 
    233335     233306     491522     540674     102183          1          0 
    233651     233621     491522     540674     102504          1          0 
    234563     234535     491522     540772     102807          2          0 
    234155     234127     491522     540738     102439          1          1 
    233715     233684     491522     540706     102385          1          0 
    233687     233658     491522     540706     102356          1          0 
    234515     234486     491522     540802     102649          1          0 
    235083     235052     491522     540802     103209          1          0 
    234051     234020     491522     540738     102527          1          0 
    234979     234948     491522     540802     102837          1          2 
    233275     233246     491522     540674     102124          1          0 
    234819     234789     491522     540770     103133          2          0 
    236835     236805     491522     540802     104961          1          0 
    237135     237107     491522     540898     104736          1          0 
    234119     234088     491522     540738     102391          1          2 
    233779     233747     491522     540738     102272          1          0 
    234191     234159     491522     540738     102475          1          1 
    238203     238177     491522     540866     105583          1          2 
    233739     233705     491522     540738     102235          1          0 
    234875     234846     491522     540834     102655          1          0 
    235007     234978     491522     540772     103246          2          0 
    235007     234976     491522     540834     103004          1          0 
    234695     234664     491522     540770     103012          2          0 
    235423     235393     491522     540930     102838          1          0 
    235143     235111     491522     540866     102428          2          3 
    235031     235004     491522     540930     102448          2          0 
    235175     235141     491522     540804     103030          3          1 
    234643     234611     491522     540738     103133          1          0 
    234219     234191     491522     540802     102377          1          0 
    237131     237102     491522     540866     104901          1          0 
    236347     236317     491522     540898     103726          1          1 
