
     Clock   Core cyc   Instruct       Uops   res.stl.   L1D Miss   CodeMiss 
   1080840     419368     491778     611080     129957        305          2 
    233360     233387     491522     540674     102241          5          0 
    233504     233503     491522     540674     102381          1          0 
    233460     233463     491522     540674     102346          1          0 
    233536     233535     491522     540674     102419          1          0 
    233460     233461     491522     540674     102335          1          0 
    233356     233358     491522     540674     102241          1          0 
    233528     233529     491522     540674     102408          1          0 
    233460     233460     491522     540674     102343          1          0 
    233428     233429     491522     540674     102308          1          0 
    233612     233611     491522     540674     102488          1          0 
    233524     233529     491522     540674     102411          1          0 
    233568     233570     491522     540674     102451          1          0 
    233492     233494     491522     540674     102369          1          0 
    233524     233525     491522     540674     102405          1          0 
    233448     233450     491522     540674     102325          1          0 
    233348     233348     491522     540674     102229          1          0 
    233324     233326     491522     540674     102206          1          0 
    233524     233525     491522     540674     102405          1          0 
    233524     233524     491522     540674     102399          1          0 
    233484     233482     491522     540674     102367          1          0 
    233472     233473     491522     540674     102351          1          0 
    233588     233587     491522     540674     102462          1          0 
    233600     233599     491522     540674     102479          1          0 
    233552     233553     491522     540674     102432          0          0 
    233512     233515     491522     540674     102399          0          0 
    234040     234040     491522     540674     102918          0          0 
    233544     233548     491522     540674     102428          0          0 
    233256     233259     491522     540674     102139          0          0 
    234172     234172     491522     540738     102683          0          0 
    233700     233698     491522     540674     102578          0          0 
    234476     234476     491522     540674     103349          0          0 
    233644     233644     491522     540674     102524          0          0 
    233508     233510     491522     540674     102388          0          0 
    233424     233425     491522     540674     102306          0          0 
    253760     235672     491523     540874     103386         10          3 
    233948     233948     491522     540674     102827          1          0 
    233620     233620     491522     540674     102497          1          0 
    233644     233644     491522     540674     102523          1          0 
    233620     233622     491522     540674     102502          1          0 
    234156     234158     491522     540706     102546          0          1 
    233580     233582     491522     540674     102464          0          0 
    234916     234918     491522     540706     103616          0          0 
    235588     235587     491522     540674     104472          0          0 
    236776     236780     491522     540738     105300          1          0 
    236128     236131     491522     540738     104651          0          0 
    236708     236709     491522     540964     103906          2          0 
    237556     237559     491522     541028     103982          1          1 
    240948     240947     491522     541154     106519          3          1 
    237852     237854     491522     540834     105821          1          0 
    235020     235021     491522     540708     103493          2          0 
    236816     236816     491522     540770     104864          1          0 
    238584     238581     491522     540962     105850          1          0 
    237132     237135     491522     540836     104690          3          2 
    234276     234277     491522     540770     102627          1          0 
    235372     235374     491522     540834     103179          1          0 
    233632     233634     491522     540674     102513          1          0 
    234224     234225     491522     540706     102926          1          0 
    233528     233529     491522     540674     102407          1          0 
    233424     233424     491522     540674     102300          1          0 
    233448     233450     491522     540674     102326          1          0 
    233496     233493     491522     540674     102371          1          0 
    233764     233763     491522     540674     102643          1          0 
    234716     234717     491522     540674     103595          1          0 
    235436     235439     491522     540738     103955          1          0 
    234108     234105     491522     540674     102987          1          0 
    234964     234963     491522     540674     103839          1          0 
    233448     233447     491522     540674     102325          1          0 
    235304     235308     491522     540674     104189          1          0 
    234452     234454     491522     540674     103334          1          0 
    233648     233650     491522     540674     102526          1          0 
    234348     234348     491522     540674     103229          1          0 
    233624     233627     491522     540674     102502          1          0 
    233616     233614     491522     540674     102496          1          0 
    233592     233592     491522     540674     102467          1          0 
    233436     233435     491522     540674     102312          1          0 
    233844     233846     491522     540674     102724          1          0 
    233872     233875     491522     540674     102753          1          0 
    233836     233840     491522     540674     102719          1          0 
    233472     233473     491522     540674     102358          1          0 
    233896     233898     491522     540738     102422          1          0 
    233492     233494     491522     540674     102373          1          0 
    236544     236546     491522     540674     105426          1          0 
    233432     233433     491522     540674     102314          1          0 
    233924     233926     491522     540674     102807          1          0 
    234304     234308     491522     540674     103184          1          0 
    234380     234382     491522     540706     103084          1          0 
    233680     233680     491522     540674     102556          1          0 
    234328     234327     491522     540706     103034          1          0 
    233588     233590     491522     540674     102468          1          0 
    233544     233546     491522     540674     102429          1          0 
    277172     234408     491523     540874     102534          9          2 
    233844     233847     491522     540674     102726          1          0 
    233368     233370     491522     540674     102250          1          0 
    234040     234041     491522     540674     102918          1          0 
    233924     233927     491522     540706     102449          1          0 
    233808     233809     491522     540674     102685          1          0 
    233832     233834     491522     540738     102345          1          0 
    234476     234478     491522     540738     102998          1          0 
    233876     233875     491522     540706     102573          1          0 
    233604     233603     491522     540706     102304          1          0 
    234304     234308     491522     540674     103171          1          0 
    243764     243763     491522     540738     112264          1          0 
    234176     234178     491522     540738     102697          1          0 
    234292     234290     491522     540738     102814          1          0 
    234628     234625     491522     540770     102964          1          0 
    233476     233478     491522     540674     102358          1          0 
    234640     234640     491522     540674     103519          1          0 
    233408     233410     491522     540674     102287          1          0 
    234388     234387     491522     540834     102365          1          0 
    235468     235470     491522     540930     102959          1          0 
    234084     234081     491522     540738     102606          1          0 
    233484     233485     491522     540674     102347          1          0 
    233656     233657     491522     540706     102361          1          0 
    234040     234038     491522     540706     102743          1          0 
    235224     235225     491522     540674     104100          1          0 
    234312     234315     491522     540674     103199          1          0 
    233888     233890     491522     540706     102591          1          0 
    233528     233530     491522     540674     102408          1          0 
    233508     233506     491522     540674     102386          1          0 
    233808     233805     491522     540706     102288          1          2 
    234216     234216     491522     540770     102563          1          0 
    234240     234241     491522     540738     102766          1          0 
    234056     234055     491522     540706     102756          1          0 
    233672     233675     491522     540674     102553          1          0 
    234448     234451     491522     540738     102748          1          0 
    234068     234071     491522     540770     102419          1          0 
    233788     233789     491522     540706     102494          1          0 
    233928     233927     491522     540738     102443          1          0 
    233932     233930     491522     540706     102632          1          0 
    234560     234563     491522     540706     103264          1          0 
    233508     233511     491522     540674     102390          1          0 
    235376     235377     491522     540674     104257          1          0 
    233544     233544     491522     540674     102418          1          0 
    233968     233967     491522     540674     102846          1          0 
    233828     233828     491522     540738     102351          1          0 
    233348     233350     491522     540674     102230          1          0 
    233500     233500     491522     540674     102381          1          0 
    233888     233888     491522     540738     102401          1          0 
    234400     234400     491522     540674     103249          1          0 
    233932     233933     491522     540674     102814          1          0 
    233628     233631     491522     540674     102509          1          0 
    233456     233456     491522     540674     102337          1          0 
    233536     233535     491522     540674     102415          1          0 
    233532     233535     491522     540674     102414          1          0 
    233492     233496     491522     540674     102377          1          0 
    233648     233650     491522     540674     102527          1          0 
    246804     234303     491523     540874     102509          5          0 
    233504     233505     491522     540674     102385          1          0 
    233424     233427     491522     540674     102305          1          0 
