
     Clock   Core cyc   Instruct       Uops   res.stl.   L1D Miss   CodeMiss 
   1166131     443012     491778     611140     137725        295          1 
    239541     239558     491522     541186     105315          6          0 
    238625     238601     491522     541090     105155          2          0 
    241629     241603     491522     541634     105100          1          0 
    237537     237515     491522     541058     104246          3          0 
    238345     238322     491522     541028     104187          2          0 
    243473     243474     491522     541314     108162          4          8 
    236449     236423     491522     541026     103362          1          0 
    236989     236967     491522     541122     103074          1          5 
    235469     235444     491522     540770     103787          1          0 
    236153     236551     491522     540962     103586          1          0 
    237217     237193     491522     540962     104470          2          0 
    236113     236088     491522     540930     103540          2          0 
    236269     236246     491522     540962     103313          1          1 
    236073     236250     491522     540962     103323          3          0 
    234325     234302     491522     540802     102470          1          0 
    235685     235662     491522     540802     102675          1          0 
    236921     236896     491522     540770     104197          1          0 
    236373     236348     491522     540770     104693          3          0 
    236125     236102     491522     540738     104626          1          0 
    235133     235107     491522     540930     102559          1          0 
    233813     233789     491522     540706     102500          1          0 
    235017     234996     491522     540802     103149          2          0 
    234269     234245     491522     540834     102239          1          0 
    234805     234781     491522     540802     102934          1          0 
    234577     234555     491522     540802     102711          1          0 
    234405     234383     491522     540770     102288          1          3 
    234313     234291     491522     540802     102449          1          0 
    235461     235437     491522     540770     103780          1          0 
    234965     234943     491522     540706     103571          1          0 
    237333     237311     491522     540930     104561          1          0 
    233945     233922     491522     540706     102622          1          0 
    234081     234058     491522     540770     102401          1          0 
    235645     235864     491522     540866     103436          2          0 
    235077     235054     491522     540738     103578          1          0 
    241853     241829     491522     540770     110173          1          0 
    234605     234577     491522     540866     102382          1          0 
    234921     234896     491522     540836     102809          4          0 
    234933     234908     491522     540930     102357          1          0 
    234785     234762     491522     540770     103103          1          0 
    235113     235091     491522     540866     102890          0          0 
    233761     233739     491522     540708     102350          1          0 
    233609     233585     491522     540706     102284          0          0 
    233769     233744     491522     540738     102271          0          0 
    234321     234295     491522     540770     102637          0          0 
    234949     234925     491522     540866     102323          0          1 
    235373     235352     491522     540772     103621          2          0 
    234829     234806     491522     540834     102797          0          0 
    234705     234680     491522     540802     102836          0          0 
    234973     234949     491522     540738     103460          1          0 
    266057     236108     491523     540970     103002          9          1 
    234645     234625     491522     540834     102394          1          1 
    234105     234082     491522     540706     102768          1          0 
    233869     233845     491522     540706     102545          1          0 
    234569     234543     491522     540770     102886          1          0 
    236585     236561     491522     540834     104553          1          0 
    235545     235521     491522     540802     103666          1          0 
    235121     235096     491522     540900     102631          2          0 
    233837     233815     491522     540770     102132          1          0 
    234217     234190     491522     540770     102529          1          0 
    234077     234056     491522     540770     102398          1          0 
    233661     233639     491522     540706     102336          1          0 
    233837     233813     491522     540674     102696          1          0 
    234573     234551     491522     540866     102379          1          0 
    234757     234730     491522     540866     102534          1          0 
    236273     236248     491522     540902     103507          4          1 
    235209     235187     491522     540898     102806          1          0 
    237881     238006     491522     541122     104192          2          1 
    234261     234239     491522     540706     102937          1          0 
    238233     238213     491522     540770     106554          1          0 
    235677     235650     491522     540834     103341          2          2 
    235925     235899     491522     540930     103355          1          0 
    236073     236052     491522     541026     102731          1          2 
    243977     244506     491522     541634     107053          2          2 
    237317     237294     491522     540964     104476          2          0 
    235773     235748     491522     540994     102812          1          0 
    234273     234245     491522     540802     102416          1          0 
    235317     235291     491522     540738     103825          1          0 
    234357     234335     491522     540706     103022          1          0 
    234829     234806     491522     540866     102610          1          0 
    233893     233870     491522     540706     102572          1          0 
    233705     233680     491522     540706     102382          1          0 
    233997     234143     491522     540770     102496          1          0 
    235221     235196     491522     540706     103894          1          0 
    234741     234718     491522     540674     103593          1          0 
    234393     234367     491522     540706     103068          1          0 
    234033     234013     491522     540738     102530          1          0 
    233829     233802     491522     540674     102678          1          0 
    234281     234255     491522     540802     102414          1          0 
    240401     240376     491522     541444     104618          3          0 
    235077     235055     491522     540866     102871          2          0 
    236065     236044     491522     541058     102777          1          0 
    236617     236594     491522     541058     103031          1          1 
    238017     237994     491522     541188     103692          3          2 
    235457     235430     491522     540866     103188          1          0 
    235757     235732     491522     540930     103176          1          0 
    236957     236935     491522     541186     102962          1          0 
    239529     239505     491522     541092     105985          3          0 
    237293     237272     491522     540964     104445          3          0 
    238397     238371     491522     541058     104575          1          2 
    238465     238441     491522     540834     106266          2          0 
    236689     236913     491522     540836     104563          3          0 
    240233     240209     491522     541060     106010          2          2 
    237777     237750     491522     540934     104857          5          1 
    235401     235379     491522     540770     103505          1          1 
    258857     238064     491523     540970     104391          5          2 
    234725     234698     491522     540674     103581          1          0 
    234201     234177     491522     540676     102981          2          0 
    235913     235893     491522     540770     103814          1          2 
    235653     235630     491522     540770     103503          1          2 
    234029     234007     491522     540738     102532          1          0 
    233781     233757     491522     540674     102638          1          0 
    233397     233375     491522     540674     102254          1          0 
    233393     233370     491522     540674     102250          1          0 
    233429     233405     491522     540674     102284          1          0 
    233581     233556     491522     540674     102437          1          0 
    233565     233541     491522     540674     102418          1          0 
    233313     233285     491522     540674     102161          1          0 
    233405     233380     491522     540674     102259          1          0 
    233537     233511     491522     540674     102390          1          0 
    233445     233422     491522     540674     102305          1          0 
    233353     233327     491522     540674     102205          1          0 
    233357     233335     491522     540674     102215          1          0 
    233353     233326     491522     540674     102207          1          0 
    233349     233327     491522     540674     102207          1          0 
    233445     233420     491522     540674     102302          1          0 
    233469     233447     491522     540674     102325          1          0 
    233377     233352     491522     540674     102229          1          0 
    233349     233327     491522     540674     102209          1          0 
    233521     233497     491522     540674     102378          1          0 
    233297     233271     491522     540674     102151          1          0 
    233337     233310     491522     540674     102192          1          0 
    233493     233469     491522     540674     102349          1          0 
    235381     235357     491522     540708     103783          2          0 
    235365     235340     491522     540738     103692          1          0 
    233957     234193     491522     540674     102809          2          0 
    233785     233764     491522     540706     102466          1          0 
    234297     234272     491522     540706     102559          1          1 
    233477     233453     491522     540674     102332          1          0 
    233453     233429     491522     540674     102308          1          0 
    233413     233390     491522     540674     102270          1          0 
    233625     233600     491522     540674     102483          1          0 
    233649     233626     491522     540706     102327          1          0 
    233597     233573     491522     540706     102277          1          0 
    233933     233909     491522     540770     102253          1          0 
    234225     234204     491522     540738     102724          1          0 
    235349     235322     491522     540866     103130          1          0 
    234073     234046     491522     540738     102564          1          0 
    234713     234693     491522     540706     103382          4          0 
    233793     233768     491522     540706     102465          1          0 
