
     Clock   Core cyc   Instruct       Uops   res.stl.   L1D Miss   CodeMiss 
   1148833     433210     491778     611106     131678        262          5 
    233804     233818     491522     540674     102639          3          0 
    234040     234057     491522     540708     102642          3          0 
    234324     234342     491522     540738     102794          2          0 
    233928     233941     491522     540706     102598          2          0 
    233956     233969     491522     540674     102817          2          0 
    233752     233768     491522     540706     102440          2          0 
    233724     233739     491522     540706     102359          2          0 
    233796     233808     491522     540706     102481          2          0 
    233812     233824     491522     540706     102493          2          0 
    234700     234717     491522     540674     103551          3          0 
    234088     234104     491522     540738     102587          2          0 
    234024     234040     491522     540738     102526          2          0 
    235340     235359     491522     540834     102636          2          1 
    234616     234630     491522     540772     102850          3          0 
    235584     235597     491522     540962     102593          2          0 
    233756     233771     491522     540674     102617          2          0 
    234432     234444     491522     540770     102756          3          0 
    233604     233617     491522     540674     102466          2          0 
    274732     235862     491523     540874     103006         11          3 
    233668     233651     491522     540674     102529          1          0 
    233460     233444     491522     540674     102327          1          0 
    233864     233847     491522     540674     102706          1          0 
    233684     233670     491522     540674     102554          1          0 
    233480     233468     491522     540674     102345          1          0 
    233672     233656     491522     540674     102540          1          0 
    234200     234185     491522     540674     103061          3          0 
    233540     233522     491522     540674     102405          1          0 
    233728     233714     491522     540674     102591          1          0 
    234004     233988     491522     540706     102510          1          0 
    233576     233562     491522     540674     102439          1          0 
    233576     233560     491522     540674     102445          1          0 
    233680     233666     491522     540674     102542          1          0 
    233564     233546     491522     540674     102423          1          0 
    233524     233508     491522     540674     102388          1          0 
    233704     233689     491522     540674     102571          1          0 
    234008     233992     491522     540676     102802          2          0 
    233784     233769     491522     540674     102653          1          0 
    234204     234190     491522     540676     102994          2          0 
    233624     233608     491522     540674     102488          1          0 
    233552     233536     491522     540674     102416          0          0 
    233708     233692     491522     540674     102572          0          0 
    234432     234418     491522     540674     103295          0          0 
    233924     233906     491522     540674     102782          0          0 
    233548     233537     491522     540674     102410          0          0 
    233384     233366     491522     540674     102246          0          0 
    233788     233777     491522     540674     102656          0          0 
    233648     233634     491522     540674     102510          0          0 
    233688     233674     491522     540674     102556          0          0 
    233608     233589     491522     540674     102470          0          0 
    233628     233615     491522     540674     102491          0          0 
    233664     233646     491522     540674     102523          0          0 
    233800     233785     491522     540674     102666          0          0 
    233456     233441     491522     540674     102323          0          0 
    233616     233601     491522     540674     102478          0          0 
    233752     233737     491522     540674     102618          0          0 
    233776     233760     491522     540706     102466          0          0 
    233592     233580     491522     540674     102454          0          0 
    233540     233524     491522     540674     102389          0          0 
    233652     233638     491522     540674     102514          0          0 
    234448     234431     491522     540770     102775          0          0 
    233596     233579     491522     540674     102458          0          0 
    233812     233795     491522     540674     102677          0          0 
    233552     233536     491522     540674     102412          0          0 
    233852     233837     491522     540706     102538          0          0 
    233668     233655     491522     540674     102535          0          0 
    233520     233507     491522     540674     102388          0          0 
    233876     233861     491522     540706     102561          0          0 
    234152     234139     491522     540738     102654          0          0 
    233604     233591     491522     540674     102470          0          0 
    233980     233961     491522     540706     102664          0          0 
    233724     233712     491522     540674     102587          0          0 
    233616     233602     491522     540706     102298          0          0 
    235064     235049     491522     540674     103928          0          0 
    233788     233771     491522     540706     102477          0          0 
    280724     235727     491523     540908     103627          7          1 
    233476     233462     491522     540674     102343          1          0 
    234188     234172     491522     540738     102445          1          1 
    233740     233724     491522     540706     102426          1          0 
    233772     233758     491522     540674     102627          1          0 
    233940     233926     491522     540676     102728          2          0 
    233684     233668     491522     540674     102548          1          0 
    233620     233607     491522     540674     102479          1          0 
    233704     233689     491522     540674     102574          1          0 
    233576     233562     491522     540674     102435          1          0 
    233704     233689     491522     540706     102393          1          0 
    233560     233548     491522     540674     102424          1          0 
    234964     234947     491522     540770     102636          1          3 
    233864     233847     491522     540706     102548          1          0 
    233568     233553     491522     540674     102433          1          0 
    234240     234224     491522     540674     103103          1          0 
    233704     233689     491522     540674     102570          1          0 
    234864     234849     491522     540802     102769          1          0 
    233800     233788     491522     540674     102668          1          0 
    233776     233762     491522     540674     102648          1          0 
    233768     233755     491522     540674     102628          1          0 
    233928     233911     491522     540674     102793          1          0 
    233548     233535     491522     540674     102413          1          0 
    233856     233839     491522     540674     102718          1          0 
    233640     233629     491522     540674     102509          1          0 
    233892     233875     491522     540674     102760          1          0 
    233636     233624     491522     540674     102504          1          0 
    233836     233820     491522     540706     102518          1          0 
    234660     234646     491522     540706     103163          1          0 
    233584     233568     491522     540674     102449          1          0 
    233588     233576     491522     540674     102453          1          0 
    233588     233570     491522     540674     102456          1          0 
    233688     233674     491522     540674     102553          1          0 
    233844     233828     491522     540674     102710          1          0 
    233832     233815     491522     540674     102693          1          0 
    233856     233840     491522     540706     102540          1          0 
    233848     233834     491522     540738     102360          1          0 
    233428     233416     491522     540674     102291          1          0 
    234152     234138     491522     540706     102840          1          0 
    233640     233623     491522     540674     102502          1          0 
    234088     234073     491522     540706     102774          1          0 
    233748     233733     491522     540674     102613          1          0 
    233836     233824     491522     540674     102699          1          0 
    234136     234121     491522     540706     102823          1          0 
    234296     234284     491522     540674     103161          1          0 
    234792     234777     491522     540676     103587          2          0 
    233520     233503     491522     540674     102380          1          0 
    235020     235006     491522     540770     103348          1          0 
    236776     236760     491522     540868     104467          2          0 
    235556     235542     491522     540834     103244          1          2 
    234928     234910     491522     540770     103229          1          0 
    234260     234243     491522     540802     102415          1          0 
    236584     236568     491522     540868     104304          2          0 
    234352     234337     491522     540770     102675          1          0 
    235268     235252     491522     540898     102884          1          0 
    235684     235673     491522     540802     103836          1          0 
    251596     235543     491523     540906     103099          7          0 
    233928     233916     491522     540706     102619          1          0 
    235812     235795     491522     540802     103444          1          2 
    237380     237365     491522     540834     104607          1          2 
    235308     235295     491522     540772     103573          2          0 
    236436     236421     491522     540740     104851          2          0 
    234408     234397     491522     540738     102910          1          0 
    236236     236218     491522     540738     104741          1          0 
    235420     235406     491522     540770     103526          1          0 
    235868     235856     491522     540930     103076          1          0 
    235752     235738     491522     540834     103725          2          0 
    238160     238144     491522     540898     105774          1          0 
    237624     237608     491522     540900     105146          2          0 
    236660     236644     491522     540738     105169          1          0 
    237060     237048     491522     540834     104710          1          0 
    235452     235435     491522     540866     103241          1          0 
    235996     235981     491522     540802     104168          2          0 
    236896     236882     491522     541154     103058          1          1 
    237928     237912     491522     540898     105516          1          0 
