
     Clock   Core cyc   Instruct       Uops   res.stl.   L1D Miss   CodeMiss 
   1092284     421170     491778     611076     131804        282          1 
    233760     233832     491522     540674     102598          5          0 
    233688     233735     491522     540674     102573          2          0 
    233436     233481     491522     540674     102313          1          0 
    233656     233701     491522     540674     102515          1          0 
    233596     233643     491522     540674     102480          1          0 
    233500     233542     491522     540674     102374          1          0 
    233352     233397     491522     540674     102230          1          0 
    233512     233559     491522     540674     102394          2          0 
    233452     233497     491522     540674     102334          1          0 
    233372     233417     491522     540674     102252          1          0 
    233508     233555     491522     540674     102390          1          0 
    233520     233564     491522     540674     102398          1          0 
    233520     233567     491522     540674     102401          1          0 
    233408     233456     491522     540674     102289          1          0 
    233580     233627     491522     540674     102461          1          0 
    233416     233460     491522     540674     102294          1          0 
    233520     233567     491522     540674     102401          1          0 
    233600     233646     491522     540674     102483          1          0 
    233592     233639     491522     540674     102477          1          0 
    233468     233518     491522     540674     102352          1          0 
    233468     233513     491522     540674     102345          1          0 
    233296     233343     491522     540674     102175          1          0 
    233508     233555     491522     540674     102390          1          0 
    233548     233593     491522     540674     102431          1          0 
    233528     233574     491522     540674     102405          1          0 
    233476     233523     491522     540674     102354          1          0 
    233748     233790     491522     540674     102629          1          0 
    233468     233518     491522     540674     102352          1          0 
    233540     233586     491522     540674     102422          2          0 
    233428     233475     491522     540674     102312          2          0 
    233544     233589     491522     540674     102427          1          0 
    233540     233587     491522     540674     102420          1          0 
    233520     233566     491522     540674     102402          1          0 
    233520     233568     491522     540674     102404          1          0 
    233428     233475     491522     540674     102310          1          0 
    233456     233502     491522     540674     102332          1          0 
    233476     233523     491522     540674     102356          1          0 
    233508     233552     491522     540674     102387          1          0 
    233536     233578     491522     540674     102411          1          0 
    233988     234036     491522     540706     102691          2          0 
    233564     233611     491522     540674     102447          1          0 
    233516     233561     491522     540706     102215          1          0 
    234580     234625     491522     540770     102925          1          0 
    281756     235313     491523     540906     103271         10          3 
    234200     234197     491522     540674     103051          1          0 
    233948     233948     491522     540674     102814          1          0 
    233472     233472     491522     540674     102352          1          0 
    233700     233703     491522     540674     102570          1          0 
    236240     236243     491522     540708     104872          2          0 
    235020     235021     491522     540674     103900          1          0 
    235016     235019     491522     540706     103712          1          0 
    235424     235424     491522     540674     104303          1          0 
    237524     237525     491522     540738     106034          1          0 
    234552     234764     491522     540708     103177          3          0 
    235940     235943     491522     540834     103589          1          1 
    240424     240428     491522     540838     108232          6          0 
    236272     236272     491522     540866     104066          1          0 
    234584     234585     491522     540802     102745          1          0 
    236828     236827     491522     540834     104613          2          2 
    235824     236073     491522     540866     103423          2          0 
    235248     235248     491522     540802     103156          1          1 
    235800     235801     491522     540802     103405          3          1 
    233780     233782     491522     540674     102664          1          0 
    235204     235202     491522     540674     104088          1          0 
    235892     235892     491522     540738     104412          1          0 
    235876     235880     491522     540674     104748          1          0 
    233428     233431     491522     540674     102308          1          0 
    234832     234836     491522     540706     103351          1          0 
    234416     234416     491522     540738     102635          1          0 
    236096     236097     491522     540770     104441          1          0 
    233684     233687     491522     540674     102568          2          0 
    234112     234111     491522     540738     102637          1          0 
    233384     233389     491522     540674     102271          1          0 
    234728     234729     491522     540674     103604          1          0 
    234588     234591     491522     540738     103113          1          0 
    234512     234514     491522     540674     103393          1          0 
    234140     234143     491522     540706     102839          1          0 
    233952     233954     491522     540674     102832          1          0 
    233696     233698     491522     540674     102577          1          0 
    234428     234427     491522     540674     103302          1          0 
    235572     235576     491522     540706     104275          1          0 
    233572     233572     491522     540674     102451          1          0 
    234556     234558     491522     540738     103079          1          0 
    233668     233670     491522     540674     102553          1          0 
    233340     233343     491522     540674     102220          1          0 
    233460     233462     491522     540674     102344          1          0 
    233704     233706     491522     540706     102408          1          0 
    233752     233753     491522     540706     102440          1          0 
    235484     235484     491522     540706     104185          1          0 
    234748     234750     491522     540738     103272          1          0 
    233652     233653     491522     540674     102532          1          0 
    234476     234478     491522     540834     102469          1          0 
    235404     235406     491522     540738     103930          1          0 
    236980     236979     491522     540706     105678          1          0 
    238216     238217     491522     540674     107095          1          0 
    233612     233614     491522     540674     102488          1          0 
    234636     234637     491522     540834     102622          1          0 
    234244     234245     491522     540706     102410          1          2 
    257072     234665     491523     540908     102598          7          1 
    233680     233680     491522     540674     102563          1          0 
    233700     233701     491522     540674     102574          1          0 
    233632     233631     491522     540674     102511          1          0 
    233916     233919     491522     540706     102613          2          0 
    234120     234119     491522     540738     102404          1          2 
    233868     233867     491522     540738     102392          1          0 
    233532     233532     491522     540674     102410          1          0 
    233600     233598     491522     540706     102305          1          0 
    234436     234437     491522     540738     102956          1          0 
    233520     233524     491522     540674     102399          1          0 
    235572     235571     491522     540930     103004          1          0 
    234044     234048     491522     540738     102568          1          0 
    234680     234681     491522     540770     103023          1          0 
    234456     234454     491522     540738     102980          1          0 
    234868     234869     491522     540770     103193          1          0 
    237420     237423     491522     540674     106305          1          0 
    233976     233977     491522     540738     102481          1          0 
    234152     234156     491522     540674     103037          1          0 
    234328     234330     491522     540706     102546          1          1 
    233632     233634     491522     540674     102512          1          0 
    233656     233659     491522     540706     102358          1          0 
    233480     233478     491522     540674     102360          1          0 
    233592     233595     491522     540674     102474          1          0 
    234160     234162     491522     540674     103042          1          0 
    233392     233394     491522     540674     102273          1          0 
    234684     234688     491522     540738     102902          1          0 
    234028     234031     491522     540674     102894          1          0 
    234168     234170     491522     540674     103043          1          0 
    235588     235589     491522     540706     104290          1          0 
    235920     235922     491522     540706     104614          1          0 
    233392     233392     491522     540674     102273          1          0 
    233492     233493     491522     540674     102370          1          0 
    233596     233594     491522     540674     102475          1          0 
    235404     235409     491522     540674     104290          1          0 
    233680     233682     491522     540706     102384          1          0 
    234188     234190     491522     540770     102510          1          0 
    233740     233740     491522     540674     102620          1          0 
    233744     233749     491522     540674     102617          1          0 
    234784     234782     491522     540866     102594          1          0 
    233828     233830     491522     540706     102529          1          0 
    234012     234013     491522     540738     102530          1          0 
    233764     233764     491522     540674     102627          1          0 
    234108     234113     491522     540674     102996          1          0 
    235532     235530     491522     540674     104407          1          0 
    233812     233816     491522     540674     102691          1          0 
    235256     235259     491522     540706     103832          1          0 
    234000     234001     491522     540706     102514          1          0 
    234436     234438     491522     540674     103318          1          0 
    234668     234671     491522     540674     103549          1          0 
    234496     234497     491522     540738     103019          1          0 
