
     Clock   Core cyc   Instruct       Uops   res.stl.   L1D Miss   CodeMiss 
   1179662     434735     491778     611076     129993        258          7 
    233420     233455     491522     540674     102299          4          0 
    234256     234242     491522     540770     102596          1          0 
    235276     235259     491522     540706     103973          1          0 
    234696     234682     491522     540738     103211          1          0 
    233760     233748     491522     540706     102462          2          0 
    234068     234049     491522     540802     102234          1          0 
    234468     234449     491522     540738     102988          1          0 
    239456     239872     491522     540994     106459          2          0 
    235412     235400     491522     540898     102425          1          0 
    234672     234656     491522     540706     103371          1          0 
    234180     234162     491522     540770     102517          1          0 
    235272     235255     491522     540802     103147          2          1 
    234012     233999     491522     540770     102354          2          0 
    234160     234145     491522     540738     102675          1          0 
    233904     234743     491522     540770     102414          3          0 
    233672     233659     491522     540738     102183          1          0 
    233652     233633     491522     540706     102350          1          0 
    234968     234957     491522     540802     102934          1          1 
    233520     233504     491522     540674     102393          1          0 
    233516     233503     491522     540706     102214          1          0 
    233604     233588     491522     540674     102478          1          0 
    234424     234406     491522     540738     102945          1          0 
    233796     233781     491522     540738     102322          1          0 
    233940     233928     491522     540674     102822          0          0 
    235224     235208     491522     540674     103016          0          0 
    234704     234687     491522     540738     103092          0          0 
    234792     234777     491522     540674     103668          0          0 
    236948     236937     491522     540706     105606          1          0 
    235944     235929     491522     540738     104464          0          0 
    233896     233878     491522     540706     102561          0          0 
    233412     233398     491522     540674     102290          0          0 
    234824     234809     491522     540834     102590          0          1 
    233528     233513     491522     540674     102407          1          0 
    233348     233334     491522     540674     102225          0          0 
    233488     233471     491522     540674     102363          0          0 
    233480     233463     491522     540674     102349          0          0 
    233596     233580     491522     540706     102300          0          0 
    233864     233849     491522     540674     102740          0          0 
    234244     234230     491522     540674     103124          1          0 
    234476     234460     491522     540706     102970          0          0 
    234732     234714     491522     540706     103429          0          0 
    237348     237334     491522     540674     106223          1          0 
    233200     233183     491522     540674     102078          0          0 
    233292     233277     491522     540674     102168          0          0 
    233336     233322     491522     540674     102214          0          0 
    233500     233486     491522     540674     102375          0          0 
    234136     234121     491522     540706     102654          0          1 
    234028     234016     491522     540738     102364          0          1 
    233704     233686     491522     540674     102577          0          0 
    233672     233659     491522     540738     102193          0          0 
    233724     233707     491522     540674     102602          1          0 
    233844     233829     491522     540674     102717          2          0 
    233408     233391     491522     540674     102283          1          0 
    276140     235217     491523     540874     102560         11          2 
    233164     233151     491522     540674     102012          1          0 
    235480     235463     491522     540674     104313          1          0 
    233876     233861     491522     540674     102739          1          0 
    235992     235978     491522     540770     104298          1          0 
    234860     234844     491522     540802     103003          1          0 
    234816     234799     491522     540706     102749          1          1 
    233728     233714     491522     540706     102417          1          0 
    234004     233988     491522     540706     102693          1          0 
    233368     233354     491522     540674     102232          1          0 
    233504     233490     491522     540674     102366          1          0 
    233744     233728     491522     540674     102602          1          0 
    233696     233680     491522     540674     102558          1          0 
    233604     233587     491522     540738     102105          1          0 
    233288     233271     491522     540674     102138          1          0 
    233676     233660     491522     540706     102360          1          0 
    233400     233388     491522     540674     102267          1          0 
    233672     233657     491522     540674     102536          1          0 
    234020     234007     491522     540706     102706          1          0 
    234040     234026     491522     540738     102543          1          0 
    233820     233805     491522     540706     102495          1          0 
    233748     233735     491522     540706     102435          1          0 
    233560     233547     491522     540706     102249          1          0 
    233400     233386     491522     540674     102265          1          0 
    233432     233419     491522     540674     102301          1          0 
    233380     233365     491522     540674     102245          1          0 
    233576     233559     491522     540674     102434          1          0 
    233428     233413     491522     540674     102291          1          0 
    233524     233506     491522     540674     102386          1          0 
    233244     233230     491522     540674     102107          1          0 
    233528     233512     491522     540674     102390          1          0 
    233340     233326     491522     540674     102202          1          0 
    233384     233365     491522     540674     102244          1          0 
    233332     233316     491522     540674     102192          1          0 
    233352     233333     491522     540674     102215          1          0 
    233440     233425     491522     540674     102303          1          0 
    233512     233496     491522     540674     102375          1          0 
    233340     233326     491522     540674     102200          1          0 
    233348     233333     491522     540674     102215          1          0 
    233236     233221     491522     540674     102098          1          0 
    233328     233312     491522     540674     102195          1          0 
    233336     233322     491522     540674     102196          1          0 
    233308     233292     491522     540674     102171          1          0 
    233392     233378     491522     540674     102257          1          0 
    233588     233570     491522     540674     102449          1          0 
    233488     233474     491522     540674     102349          1          0 
    233500     233482     491522     540674     102361          1          0 
    233504     233491     491522     540674     102368          1          0 
    233328     233315     491522     540674     102197          1          0 
    233300     233288     491522     540674     102169          1          0 
    233308     233292     491522     540674     102171          1          0 
    233492     233478     491522     540674     102357          1          0 
    233376     233363     491522     540674     102241          1          0 
    233488     233474     491522     540674     102349          1          0 
    233340     233325     491522     540674     102200          1          0 
    233324     233308     491522     540674     102186          1          0 
    243496     234164     491523     540874     102379          5          0 
    233396     233382     491522     540674     102262          1          0 
    233480     233466     491522     540674     102347          1          0 
    233648     233629     491522     540674     102510          1          0 
    233408     233394     491522     540674     102274          1          0 
    233180     233164     491522     540674     102047          1          0 
    233392     233379     491522     540674     102253          1          0 
    233320     233304     491522     540674     102186          1          0 
    233608     233595     491522     540674     102476          1          0 
    233308     233292     491522     540674     102175          1          0 
    233400     233386     491522     540674     102265          1          0 
    233436     233418     491522     540674     102299          1          0 
    233468     233452     491522     540674     102330          1          0 
    233356     233337     491522     540674     102219          1          0 
    233572     233558     491522     540674     102432          1          0 
    233308     233292     491522     540674     102172          1          0 
    233396     233381     491522     540674     102262          1          0 
    233440     233425     491522     540674     102304          1          0 
    233172     233156     491522     540674     102034          1          0 
    233512     233499     491522     540674     102379          1          0 
    233572     233557     491522     540674     102433          1          0 
    233556     233537     491522     540674     102420          1          0 
    233736     233720     491522     540674     102601          1          0 
    233292     233275     491522     540674     102155          1          0 
    233528     233511     491522     540674     102390          1          0 
    233528     233513     491522     540674     102397          1          0 
    233352     233338     491522     540674     102214          1          0 
    233392     233373     491522     540674     102252          1          0 
    233520     233503     491522     540674     102380          1          0 
    233420     233403     491522     540674     102279          1          0 
    233276     233263     491522     540674     102138          1          0 
    233416     233400     491522     540674     102281          1          0 
    233276     233261     491522     540674     102141          1          0 
    233604     233587     491522     540674     102467          1          0 
    233532     233517     491522     540674     102397          1          0 
    233512     233496     491522     540674     102374          1          0 
    233336     233322     491522     540674     102200          1          0 
    233460     233445     491522     540674     102325          1          0 
    233500     233486     491522     540674     102366          1          0 
    233464     233448     491522     540674     102330          1          0 
