
     Clock   Core cyc   Instruct       Uops   res.stl.   L1D Miss   CodeMiss 
   1160104     435556     491778     611076     133423        307          3 
    242152     242197     491522     540770     110492          4          0 
    235148     235148     491522     540834     102857          1          0 
    234828     234827     491522     540772     102880          2          2 
    234436     234439     491522     540802     102604          1          0 
    235792     235790     491522     540834     103778          1          0 
    235820     235824     491522     540770     104170          1          0 
    234740     234739     491522     540770     102864          1          2 
    234784     234784     491522     540738     103305          1          0 
    233728     233728     491522     540706     102429          1          0 
    235772     235773     491522     540674     104655          1          0 
    238396     238396     491522     540804     106228          2          1 
    237708     237709     491522     540868     105050          2          1 
    238988     238992     491522     541122     105361          1          0 
    236248     236247     491522     541090     102804          1          0 
    236528     236530     491522     540802     104691          1          0 
    237924     237924     491522     540962     104913          1          1 
    236780     236782     491522     540898     104446          1          0 
    234580     234579     491522     540770     102922          1          0 
    235596     235827     491522     540866     103159          2          0 
    234276     234279     491522     540738     102623          1          0 
    234036     234927     491523     540874     102694          5          3 
    233508     233505     491522     540674     102385          0          0 
    234164     234168     491522     540770     102505          0          0 
    233800     233803     491522     540770     102145          1          0 
    236256     236259     491522     541122     102634          1          0 
    235048     235045     491522     540834     103029          1          0 
    235180     235177     491522     540836     103103          2          0 
    237644     237646     491522     540964     104839          3          0 
    234724     234724     491522     540898     102379          1          0 
    241276     241276     491522     541126     107527          3          0 
    235016     235016     491522     540802     103181          4          0 
    238648     238859     491522     541348     103690          3          0 
    238588     238588     491522     541314     103648          2          1 
    236652     236651     491522     541058     103386          2          0 
    234420     234422     491522     540802     102589          1          0 
    234040     234040     491522     540738     102562          1          0 
    234572     234574     491522     540834     102567          1          0 
    233860     233861     491522     540674     102742          1          0 
    233468     233465     491522     540706     102167          1          0 
    234644     234880     491522     540802     102805          3          0 
    234300     234299     491522     540738     102819          0          0 
    233540     233540     491522     540674     102422          0          0 
    234828     235188     491522     540802     103000          3          0 
    233452     233453     491522     540674     102334          0          0 
    233188     233193     491522     540674     102075          0          0 
    233936     233938     491522     540738     102463          0          0 
    233748     233751     491522     540738     102268          0          0 
    233760     233764     491522     540738     102283          0          0 
    233648     233647     491522     540706     102345          0          0 
    234708     234707     491522     540706     103212          0          0 
    236028     236028     491522     540674     104909          0          0 
    234668     234667     491522     540866     102478          0          0 
    234212     234213     491522     540802     102378          0          0 
    233368     233368     491522     540674     102241          0          0 
    233996     233998     491522     540706     102691          0          0 
    233520     233520     491522     540706     102219          0          0 
    233884     233886     491522     540738     102409          0          0 
    233556     233555     491522     540674     102431          0          0 
    233916     233916     491522     540770     102264          0          0 
    233548     233551     491522     540674     102431          0          0 
    233476     233473     491522     540706     102174          0          0 
    234088     234089     491522     540738     102389          0          0 
    233380     233382     491522     540674     102259          0          0 
    234960     234959     491522     540674     103843          2          0 
    233612     233616     491522     540674     102495          0          0 
    233544     233743     491522     540674     102428          1          0 
    233372     233371     491522     540674     102249          0          0 
    233884     233885     491522     540706     102583          0          0 
    233696     233698     491522     540706     102399          0          0 
    233752     233754     491522     540706     102459          0          0 
    233932     233931     491522     540706     102638          0          0 
    233592     233594     491522     540674     102470          0          0 
    233656     233658     491522     540706     102359          0          0 
    233556     233560     491522     540706     102255          0          0 
    233464     233462     491522     540706     102160          0          0 
    253832     234940     491523     540874     103128          5          1 
    233544     233548     491522     540674     102406          1          0 
    233492     233493     491522     540674     102376          1          0 
    233476     233680     491522     540706     102179          2          0 
    233416     233417     491522     540706     102114          1          0 
    234004     234003     491522     540770     102330          1          0 
    234604     234606     491522     540706     103301          1          0 
    233776     233776     491522     540706     102459          1          0 
    233264     233266     491522     540674     102145          1          0 
    233572     233576     491522     540674     102454          1          0 
    233380     233380     491522     540674     102261          1          0 
    233276     233277     491522     540674     102157          1          0 
    233404     233404     491522     540674     102287          1          0 
    234040     234041     491522     540770     102366          1          0 
    233228     233229     491522     540674     102107          1          0 
    233728     233726     491522     540706     102435          1          0 
    233472     233473     491522     540674     102350          1          0 
    233608     233610     491522     540674     102488          1          0 
    233308     233311     491522     540674     102187          1          0 
    233364     233365     491522     540674     102248          1          0 
    233480     233482     491522     540674     102360          1          0 
    234236     234237     491522     540770     102583          1          0 
    233224     233226     491522     540674     102105          1          0 
    233460     233459     491522     540674     102338          1          0 
    233384     233388     491522     540674     102261          1          0 
    233324     233322     491522     540674     102200          1          0 
    233524     233529     491522     540674     102402          1          0 
    233460     233462     491522     540674     102339          1          0 
    233388     233388     491522     540674     102261          1          0 
    233428     233425     491522     540674     102303          1          0 
    233420     233425     491522     540674     102300          1          0 
    233380     233380     491522     540674     102259          1          0 
    233156     233156     491522     540674     102039          1          0 
    233296     233298     491522     540674     102179          1          0 
    233316     233321     491522     540674     102201          1          0 
    233464     233462     491522     540674     102339          1          0 
    233352     233354     491522     540674     102231          1          0 
    233256     233255     491522     540674     102131          1          0 
    233652     233654     491522     540674     102531          1          0 
    233268     233267     491522     540674     102146          1          0 
    233368     233367     491522     540674     102244          1          0 
    233296     233296     491522     540674     102178          1          0 
    233432     233435     491522     540674     102311          1          0 
    233436     233436     491522     540674     102314          1          0 
    233360     233363     491522     540674     102244          1          0 
    233500     233503     491522     540674     102385          1          0 
    233488     233490     491522     540674     102364          1          0 
    233468     233469     491522     540674     102350          1          0 
    233448     233449     491522     540674     102322          1          0 
    233516     233515     491522     540674     102393          1          0 
    233464     233469     491522     540674     102345          1          0 
    233360     233360     491522     540674     102239          1          0 
    233448     233449     491522     540674     102322          1          0 
    233512     233515     491522     540674     102393          1          0 
    233468     233469     491522     540674     102345          1          0 
    233480     233482     491522     540674     102364          1          0 
    259212     234305     491523     540876     102411          7          4 
    233464     233462     491522     540674     102332          1          0 
    233456     233458     491522     540674     102337          1          0 
    233348     233348     491522     540674     102226          1          0 
    233448     233448     491522     540674     102325          1          0 
    233364     233363     491522     540674     102242          1          0 
    233208     233209     491522     540674     102084          1          0 
    233388     233391     491522     540674     102267          1          0 
    233400     233400     491522     540674     102279          1          0 
    233248     233249     491522     540674     102132          1          0 
    233320     233321     491522     540674     102197          1          0 
    233448     233450     491522     540674     102328          1          0 
    233264     233268     491522     540674     102147          1          0 
    233564     233563     491522     540674     102442          1          0 
    233272     233274     491522     540674     102156          1          0 
    233404     233405     491522     540674     102288          1          0 
    233248     233251     491522     540674     102128          1          0 
    233532     233531     491522     540674     102410          1          0 
