
     Clock   Core cyc   Instruct       Uops   res.stl.   L1D Miss   CodeMiss 
   1144468     424117     491779     611269     131343        306          5 
    234052     234056     491522     540674     102935          4          0 
    234492     234493     491522     540674     103373          1          0 
    233648     233649     491522     540674     102524          2          0 
    233820     233818     491522     540674     102700          1          0 
    233736     233735     491522     540674     102609          1          0 
    233484     233483     491522     540674     102363          1          0 
    233256     233260     491522     540674     102137          1          0 
    233488     233487     491522     540674     102365          1          0 
    233392     233396     491522     540674     102272          1          0 
    233248     233249     491522     540674     102133          1          0 
    233388     233390     491522     540674     102271          1          0 
    233288     233290     491522     540674     102168          1          0 
    233280     233285     491522     540674     102165          1          0 
    233364     233364     491522     540674     102246          1          0 
    233388     233389     491522     540674     102265          1          0 
    233360     233359     491522     540674     102241          1          0 
    233532     233531     491522     540674     102408          1          0 
    233424     233423     491522     540674     102304          1          0 
    233536     233538     491522     540674     102414          1          0 
    233372     233375     491522     540674     102254          1          0 
    233532     233534     491522     540674     102414          1          0 
    233392     233394     491522     540674     102272          1          0 
    233588     233592     491522     540676     102398          2          0 
    233508     233510     491522     540674     102390          1          0 
    233256     233257     491522     540674     102134          1          0 
    233400     233399     491522     540674     102276          1          0 
    233412     233415     491522     540674     102297          1          0 
    233348     233347     491522     540674     102230          1          0 
    233376     233375     491522     540674     102251          1          0 
    233540     233539     491522     540674     102421          1          0 
    233548     233549     491522     540674     102425          1          0 
    233692     233694     491522     540706     102394          1          0 
    233492     233495     491522     540674     102373          1          0 
    234404     234404     491522     540738     102916          1          0 
    233980     233979     491522     540708     102610          2          0 
    234212     234216     491522     540708     102834          2          0 
    235292     235290     491522     540772     103552          2          0 
    234152     234151     491522     540706     102857          1          0 
    234152     234155     491522     540738     102677          1          0 
    233300     233303     491522     540674     102183          0          0 
    233588     233588     491522     540674     102468          0          0 
    233488     233489     491522     540674     102372          0          0 
    233424     233424     491522     540674     102302          0          0 
    233380     233378     491522     540674     102261          0          0 
    233960     233961     491522     540706     102663          0          0 
    233324     233325     491522     540674     102206          0          0 
    233372     233373     491522     540674     102253          0          0 
    233268     233266     491522     540674     102147          0          0 
    233188     233191     491522     540674     102069          0          0 
    233424     233423     491522     540674     102302          0          0 
    233436     233437     491522     540674     102312          0          0 
    233408     233405     491522     540674     102284          0          0 
    261048     235038     491523     540874     102364         10          1 
    233420     233422     491522     540674     102302          1          0 
    233472     233470     491522     540674     102342          1          0 
    233324     233328     491522     540674     102203          1          0 
    233436     233434     491522     540674     102315          1          0 
    233544     233546     491522     540674     102425          1          0 
    233400     233402     491522     540674     102282          1          0 
    234292     234293     491522     540674     103171          2          0 
    233536     233537     491522     540674     102417          1          0 
    233460     233462     491522     540674     102337          1          0 
    233488     233487     491522     540674     102368          1          0 
    233508     233512     491522     540674     102391          1          0 
    233460     233460     491522     540674     102343          1          0 
    233408     233410     491522     540674     102291          1          0 
    234240     234237     491522     540674     103115          1          0 
    234924     234929     491522     540708     103556          2          0 
    235448     235448     491522     540740     103901          3          0 
    235356     235357     491522     540770     103486          4          2 
    236376     236375     491522     540708     104991          6          0 
    235792     235792     491522     540738     104311          4          0 
    234796     234798     491522     540770     103151          1          0 
    234304     234303     491522     540770     102649          1          0 
    236736     236737     491522     540836     104197          5          0 
    237604     237607     491522     540804     105506          7          0 
    236536     236539     491522     540868     104224          2          1 
    235532     235537     491522     540770     103876          4          0 
    237692     237695     491522     540962     104772          2          0 
    235832     235833     491522     540962     103109          4          0 
    236348     236349     491522     540994     103278          2          1 
    235404     235406     491522     540834     103391          4          0 
    238628     238627     491522     541124     104737          3          0 
    239024     239029     491522     540804     107123         13          0 
    235980     235984     491522     540834     103967          3          0 
    238860     238860     491522     540936     105896         10          0 
    237052     237055     491522     540836     104974          5          0 
    235276     235277     491522     540674     104010          1          0 
    235588     235590     491522     540738     103963          1          0 
    237648     237648     491522     540836     105440          2          0 
    234952     234950     491522     540738     103255          4          0 
    234524     234526     491522     540770     102870          1          0 
    234188     234189     491522     540738     102711          3          0 
    236308     236309     491522     540898     103793          3          0 
    239860     239860     491522     541092     105178          7          3 
    235816     235814     491522     540834     103590          1          0 
    239400     239401     491522     541030     105741          6          2 
    237644     238020     491522     540930     104895          7          1 
    237508     237748     491522     541154     103537          3          0 
    236408     236608     491522     540834     104190          6          0 
    236116     236382     491522     540930     103335          4          1 
    236032     236031     491522     540994     102727          1          0 
    237868     237867     491522     540772     106132          5          0 
    236844     236845     491522     540930     104292          2          0 
    237216     237221     491522     540774     105409          5          0 
    234292     234292     491522     540738     102812          1          0 
    238484     238488     491522     540772     106594          4          0 
    237184     237188     491522     540802     105258          4          0 
    259184     240159     491523     541006     106156          8          2 
    238368     238370     491522     540802     106128          1          0 
    235024     235022     491522     540802     102501          1          3 
    237200     237203     491522     540706     105641          1          0 
    236756     236753     491522     540772     105021          4          0 
    234660     234659     491522     540738     102992          5          0 
    235512     235512     491522     540770     103677          1          0 
    234276     234276     491522     540770     102457          1          0 
    235548     235548     491522     540834     103529          4          0 
    234248     234251     491522     540738     102620          1          0 
    234012     234016     491522     540770     102361          1          0 
    233928     233927     491522     540706     102458          1          1 
    235720     235721     491522     541026     102662          1          0 
    234328     234327     491522     540802     102489          1          0 
    235548     235549     491522     540866     103346          2          0 
    233928     233931     491522     540738     102450          1          0 
    234324     234324     491522     540770     102671          1          0 
    236380     236380     491522     540738     103669          1          0 
    235128     235127     491522     540866     102928          2          0 
    234576     234577     491522     540706     103276          2          0 
    235656     235655     491522     540740     103902          2          0 
    243040     243040     491522     540770     111376          3          0 
    237044     237047     491522     540806     105052          3          0 
    239324     239329     491522     540836     107244          3          0 
    237596     237595     491522     540708     105308          2          1 
    236684     236686     491522     540740     104765          2          1 
    235128     235126     491522     540738     103469          1          0 
    237080     237079     491522     540806     104564          3          1 
    237264     237265     491522     540710     104703          3          1 
    235576     235577     491522     540802     103535          1          2 
    237008     237005     491522     540708     105253          5          1 
    237360     237361     491522     540772     105626          5          0 
    234504     234507     491522     540770     102445          1          0 
    239868     239870     491522     540804     107964          3          0 
    238276     238276     491522     540740     106515          3          1 
    239072     239072     491522     540706     107573          1          1 
    235296     235297     491522     540674     104176          2          0 
    234032     234034     491522     540706     102733          1          0 
    234348     234351     491522     540706     102798          1          2 
    235528     235528     491522     540674     104406          1          0 
    234224     234224     491522     540706     102922          1          0 
