
     Clock   Core cyc   Instruct       Uops   res.stl.   L1D Miss   CodeMiss 
   1158003     438659     491778     611229     131152        323          9 
    236587     236632     491522     540930     103444          5          3 
    238855     238837     491522     541060     105276          2          1 
    237035     237017     491522     540964     103344          1          2 
    234679     234661     491522     540738     103180          0          0 
    236119     236099     491522     540866     103601          0          1 
    305271     237438     491523     540874     104686          6          3 
    235483     235468     491522     540834     102892          1          3 
    238511     238489     491522     540930     105447          1          2 
    234455     234439     491522     540770     102529          1          0 
    237359     237340     491522     540834     104708          1          4 
    235519     236630     491522     540802     103396          2          4 
    234343     234321     491522     540738     102843          2          0 
    236631     236613     491522     540994     103188          1          1 
    237767     237750     491522     540866     105563          1          0 
    233951     233936     491522     540706     102630          1          0 
    236447     236574     491522     540898     104032          1          1 
    234655     234641     491522     540834     102600          1          0 
    234327     234310     491522     540802     102480          1          0 
    235335     235318     491522     540930     102763          1          0 
    234855     234841     491522     540866     102451          1          0 
    236335     236317     491522     540802     104251          1          2 
    236235     236217     491522     540932     103601          2          0 
    235959     235939     491522     540898     102943          2          1 
    236715     236695     491522     541058     103415          1          0 
    236967     236949     491522     541122     103324          1          0 
    236023     236008     491522     540994     103081          1          0 
    240727     240709     491522     540994     107806          1          0 
    236095     236077     491522     541026     102967          1          0 
    235375     235359     491522     540898     102990          1          0 
    239191     239171     491522     541314     103678          1          8 
    237687     237670     491522     540962     104944          1          0 
    237759     237739     491522     541250     103421          1          0 
    237467     237451     491522     541026     103905          1          2 
    235539     235778     491522     540930     102977          3          0 
    234975     234956     491522     540898     102583          1          0 
    239747     239731     491522     540934     107030          3          0 
    237435     237415     491522     541090     103350          2          1 
    234391     234375     491522     540802     102534          1          0 
    236323     236302     491522     541060     102933          2          0 
    236767     236747     491522     540962     104058          1          0 
    235543     235523     491522     540930     102971          0          0 
    235479     235462     491522     540994     102557          0          0 
    236447     236628     491522     541026     103346          1          0 
    235915     235896     491522     540930     103344          2          0 
    235619     235601     491522     540930     103046          0          0 
    235127     235108     491522     540898     102741          0          0 
    241399     241384     491522     540770     109715          0          0 
    234719     234702     491522     540770     102701          0          3 
    235191     235173     491522     540866     102609          0          2 
    235291     235271     491522     540770     103615          0          0 
    235343     235324     491522     540834     103185          0          0 
    235523     235506     491522     540802     103682          0          0 
    235675     235656     491522     540834     103640          0          0 
    233935     233917     491522     540706     102616          0          0 
    233535     233516     491522     540674     102398          0          0 
    233775     233757     491522     540674     102633          0          0 
    234383     234364     491522     540674     103243          1          0 
    233583     233567     491522     540674     102445          0          0 
    235123     235107     491522     540740     103558          1          0 
    235367     235350     491522     540674     104227          0          0 
    262595     235922     491523     540874     103405          5          2 
    233579     233561     491522     540674     102442          1          0 
    233599     233583     491522     540674     102464          1          0 
    233639     233617     491522     540706     102322          1          0 
    238727     238710     491522     540738     107041          1          0 
    233787     233770     491522     540674     102630          1          0 
    234991     234971     491522     540834     102945          1          0 
    234263     234246     491522     540738     102654          1          0 
    233995     233978     491522     540706     102678          1          0 
    235219     235200     491522     540738     103709          1          0 
    234663     234647     491522     540834     102615          1          0 
    236067     236051     491522     540962     103090          1          0 
    235031     235011     491522     540738     103536          1          0 
    236371     236353     491522     540962     103369          1          1 
    237435     237418     491522     540898     105021          1          0 
    235719     235702     491522     540994     102789          1          0 
    237547     237528     491522     541186     103383          1          0 
    236655     236638     491522     540866     104278          1          0 
    235871     235853     491522     540834     103830          1          0 
    238483     238466     491522     540966     104785          5          2 
    238023     238004     491522     541026     104534          1          2 
    235423     235688     491522     540772     103661          4          0 
    234551     234536     491522     540770     102880          1          0 
    235543     235522     491522     540930     102952          1          0 
    238767     238750     491522     541154     104935          1          0 
    236571     236549     491522     540930     103999          1          0 
    238087     239297     491522     541122     104087          2          2 
    237663     237647     491522     541028     103783          4          4 
    237479     237460     491522     540962     104729          1          0 
    237927     238154     491522     541058     103663          2          6 
    238315     238299     491522     541124     104377          2          0 
    235315     235300     491522     540802     103257          1          0 
    234883     234863     491522     540834     102510          1          1 
    234991     234972     491522     540770     103322          2          0 
    236203     236185     491522     540932     103305          2          1 
    235319     235301     491522     540834     102822          1          3 
    235627     235612     491522     540834     103401          2          1 
    234383     234366     491522     540738     102687          1          1 
    234095     234077     491522     540802     102248          1          0 
    236203     236189     491522     540930     103437          2          0 
    235187     235170     491522     540836     102810          2          2 
    234735     234716     491522     540738     102877          1          1 
    234843     234825     491522     540770     103164          1          0 
    237099     237281     491522     540994     103239          2          5 
    234819     234802     491522     540738     103323          1          0 
    234339     234319     491522     540738     102842          1          0 
    234359     234340     491522     540738     102438          1          2 
    235707     235689     491522     540802     103223          1          4 
    236295     236276     491522     540868     103848          3          1 
    234315     234293     491522     540738     102384          1          1 
    235147     235128     491522     540706     102506          1          3 
    236211     236197     491522     540930     103425          1          1 
    234843     234825     491522     540738     102918          1          2 
    233971     233953     491522     540738     102475          1          0 
    235147     235379     491522     540802     102938          1          2 
    261475     238287     491523     541034     104812          7          0 
    235835     235816     491522     540834     102878          1          6 
    234375     234357     491522     540706     103058          1          0 
    234867     234847     491522     540738     102940          1          1 
    235331     235314     491522     540834     103091          1          1 
    235615     235596     491522     540866     103032          1          2 
    236671     236685     491522     540902     103904          5          4 
    236487     236465     491522     541026     103196          2          0 
    235747     235725     491522     540834     103711          2          0 
    234907     234889     491522     540802     102818          1          1 
    235679     235660     491522     540802     102652          1          3 
    235387     235370     491522     540834     102662          1          4 
    234779     234760     491522     540802     102711          1          1 
    233739     233720     491522     540674     102601          1          0 
    233779     233763     491522     540674     102639          1          0 
    233759     233740     491522     540674     102617          1          0 
    233755     233737     491522     540674     102617          1          0 
    234067     234049     491522     540738     102571          1          0 
    234563     234544     491522     540770     102860          1          0 
    236543     236525     491522     540932     103907          3          0 
    234843     234828     491522     540770     102924          1          1 
    235935     235919     491522     540964     103119          2          0 
    235095     235076     491522     540898     102696          1          0 
    235123     235102     491522     540930     102343          1          1 
    234531     234513     491522     540770     102683          1          0 
    234203     234189     491522     540706     102622          1          2 
    233787     233769     491522     540706     102470          1          0 
    235027     235007     491522     540802     103173          1          0 
    237339     237320     491522     541122     103676          3          0 
    236027     236007     491522     541058     102694          1          0 
    235623     235607     491522     540962     102903          1          0 
    234555     234541     491522     540770     102884          1          0 
    237023     237004     491522     541026     103922          1          0 
    235535     235516     491522     540930     102674          1          4 
