
     Clock   Core cyc   Instruct       Uops   res.stl.   L1D Miss   CodeMiss 
   1115710     430760     491778     611074     128980        278          3 
    233513     233490     491522     540674     102368          4          0 
    233649     233624     491522     540674     102504          1          0 
    233517     233492     491522     540706     102194          1          0 
    233453     233430     491522     540674     102306          1          0 
    233533     233508     491522     540706     102205          1          0 
    233697     233674     491522     540706     102370          1          0 
    233429     233405     491522     540674     102288          1          0 
    233693     233671     491522     540738     102194          1          0 
    234321     234299     491522     540706     103001          1          0 
    234133     234106     491522     540738     102625          1          0 
    234689     234663     491522     540706     103127          1          0 
    233785     233760     491522     540706     102456          1          0 
    233885     233861     491522     540738     102385          1          0 
    233537     233513     491522     540674     102389          1          0 
    233453     233429     491522     540674     102312          1          0 
    233253     233231     491522     540674     102109          1          0 
    233529     233505     491522     540674     102385          1          0 
    233469     233445     491522     540674     102319          1          0 
    233553     233529     491522     540674     102410          2          0 
    233409     233386     491522     540674     102264          1          0 
    233409     233385     491522     540674     102263          1          0 
    233577     233556     491522     540674     102438          1          0 
    233421     233395     491522     540674     102276          1          0 
    233373     233347     491522     540674     102225          0          0 
    233289     233264     491522     540674     102144          0          0 
    233325     233300     491522     540674     102176          0          0 
    233513     233486     491522     540674     102365          0          0 
    233441     233418     491522     540674     102297          0          0 
    233581     233553     491522     540674     102436          1          0 
    233353     233330     491522     540674     102207          0          0 
    233497     233471     491522     540674     102352          0          0 
    233345     233320     491522     540674     102201          1          0 
    233293     233268     491522     540674     102147          0          0 
    233565     233543     491522     540674     102420          1          0 
    233305     233281     491522     540674     102159          0          0 
    233437     233416     491522     540674     102295          0          0 
    233577     233553     491522     540674     102436          1          0 
    233209     233186     491522     540674     102061          0          0 
    233369     233345     491522     540674     102227          1          0 
    261145     234674     491523     540876     102795          7          3 
    233329     233306     491522     540674     102191          1          0 
    233449     233425     491522     540674     102289          1          0 
    233521     233500     491522     540674     102380          1          0 
    233401     233373     491522     540674     102256          1          0 
    233573     233547     491522     540674     102425          1          0 
    233517     233491     491522     540674     102378          1          0 
    233421     233398     491522     540674     102278          1          0 
    233349     233322     491522     540674     102202          1          0 
    233569     233547     491522     540674     102425          1          0 
    233517     233491     491522     540674     102378          1          0 
    233421     233398     491522     540674     102278          1          0 
    233317     233291     491522     540674     102173          1          0 
    233481     233460     491522     540674     102340          1          0 
    233613     233586     491522     540674     102465          1          0 
    233529     233504     491522     540674     102383          1          0 
    233513     233488     491522     540674     102363          1          0 
    233445     233424     491522     540674     102298          1          0 
    233401     233375     491522     540674     102253          1          0 
    233377     233352     491522     540674     102236          1          0 
    233345     233322     491522     540674     102202          1          0 
    233501     233479     491522     540674     102359          1          0 
    233517     233491     491522     540674     102378          1          0 
    233329     233307     491522     540674     102183          1          0 
    233317     233291     491522     540674     102173          1          0 
    233453     233428     491522     540674     102306          1          0 
    233573     233547     491522     540674     102426          1          0 
    233521     233495     491522     540674     102370          1          0 
    233325     233299     491522     540674     102179          1          0 
    233449     233424     491522     540674     102298          1          0 
    233401     233375     491522     540674     102253          1          0 
    233481     233459     491522     540674     102341          1          0 
    233317     233291     491522     540674     102173          1          0 
    233489     233468     491522     540674     102345          1          0 
    233357     233332     491522     540674     102209          1          0 
    233481     233459     491522     540674     102341          1          0 
    233317     233291     491522     540674     102173          1          0 
    233365     233341     491522     540674     102217          1          0 
    233337     233315     491522     540674     102193          1          0 
    233421     233399     491522     540674     102276          1          0 
    233401     233373     491522     540674     102256          1          0 
    233353     233328     491522     540674     102205          1          0 
    233405     233380     491522     540674     102261          1          0 
    233373     233352     491522     540674     102236          1          0 
    233289     233265     491522     540674     102145          1          0 
    233369     233346     491522     540674     102223          1          0 
    233357     233332     491522     540674     102209          1          0 
    233429     233408     491522     540674     102288          1          0 
    233353     233330     491522     540674     102209          1          0 
    233405     233384     491522     540674     102257          1          0 
    233573     233547     491522     540674     102426          1          0 
    233529     233504     491522     540674     102384          1          0 
    233389     233364     491522     540674     102246          1          0 
    233533     233510     491522     540674     102390          1          0 
    233333     233308     491522     540674     102184          1          0 
    233333     233311     491522     540674     102188          1          0 
    247641     234091     491523     540874     102226          6          3 
    233501     233476     491522     540674     102355          1          0 
    233601     233576     491522     540674     102455          1          0 
    233881     233860     491522     540674     102745          1          0 
    233709     233687     491522     540674     102569          1          0 
    233965     233943     491522     540676     102748          2          0 
    233621     233600     491522     540706     102302          1          0 
    234329     234306     491522     540708     102919          3          0 
    233609     233586     491522     540706     102286          1          0 
    234253     234226     491522     540674     103107          1          0 
    234037     234012     491522     540674     102892          1          0 
    233453     233428     491522     540674     102309          1          0 
    234669     234645     491522     540738     103156          1          0 
    234981     234955     491522     540706     103654          1          0 
    233697     233669     491522     540674     102549          1          0 
    234777     234754     491522     540706     103457          1          0 
    236645     236622     491522     540740     104859          3          1 
    237349     237325     491522     540802     105293          1          0 
    236833     236813     491522     540738     105331          1          0 
    235269     235248     491522     540834     102979          1          1 
    236497     236470     491522     540868     104202          4          0 
    239165     239409     491522     541026     105650          2          1 
    236813     236792     491522     540930     104232          1          0 
    234469     234446     491522     540708     103070          3          0 
    233869     233843     491522     540738     102364          1          0 
    235317     235294     491522     540802     103252          1          1 
    235789     235769     491522     540802     103937          1          0 
    237101     237078     491522     540802     104801          1          2 
    235997     235973     491522     540834     103615          3          2 
    237369     237344     491522     540706     106042          1          0 
    238037     238014     491522     540674     106879          2          0 
    235261     235238     491522     540674     104119          1          0 
    235513     235486     491522     540770     103566          1          0 
    233513     233491     491522     540674     102371          1          0 
    235501     235474     491522     540706     104170          1          0 
    233773     233749     491522     540706     102444          1          0 
    233505     233481     491522     540674     102357          1          0 
    233977     233953     491522     540738     102479          1          0 
    233793     233768     491522     540706     102466          1          0 
    234209     234187     491522     540706     102886          1          0 
    233565     233541     491522     540706     102221          1          0 
    234233     234213     491522     540674     103090          1          0 
    234085     234057     491522     540738     102579          1          0 
    235181     235156     491522     540674     104032          1          0 
    235021     235001     491522     540706     103700          1          0 
    234405     234378     491522     540706     102907          1          1 
    234629     234606     491522     540738     103130          1          0 
    233361     233336     491522     540674     102200          1          0 
    234861     234837     491522     540802     102985          1          0 
    233761     233734     491522     540706     102440          1          0 
    233613     233592     491522     540706     102292          1          0 
    233785     233761     491522     540738     102277          1          0 
    233621     233598     491522     540706     102284          1          0 
    233529     233501     491522     540674     102381          1          0 
