
     Clock   Core cyc   Instruct       Uops   res.stl.   L1D Miss   CodeMiss 
   1076983     420298     491778     611076     130904        349          3 
    233591     233634     491522     540674     102407          7          0 
    233479     233450     491522     540674     102332          1          0 
    233435     233409     491522     540674     102283          2          0 
    233471     233440     491522     540674     102321          1          0 
    233931     233902     491522     540706     102595          1          0 
    233503     233471     491522     540674     102336          1          0 
    233535     233507     491522     540674     102383          1          0 
    234067     234040     491522     540738     102390          1          1 
    233691     233660     491522     540706     102343          1          0 
    233471     233442     491522     540674     102307          1          0 
    233511     233481     491522     540674     102358          2          0 
    234347     234317     491522     540674     103194          1          0 
    233323     233293     491522     540674     102177          1          0 
    234819     234792     491522     540674     103674          2          0 
    234895     234867     491522     540674     103746          1          0 
    233723     233694     491522     540706     102394          2          0 
    262471     238238     491523     540938     105820         10          3 
    234239     234209     491522     540674     103086          1          0 
    235471     235442     491522     540708     104052          2          0 
    233483     233451     491522     540674     102334          1          0 
    234891     234859     491522     540674     103734          1          0 
    235203     235170     491522     540802     103327          1          0 
    235731     235704     491522     540708     104318          2          0 
    237023     236994     491522     540738     105510          3          0 
    235655     235626     491522     540706     104298          2          0 
    234919     234889     491522     540706     103580          2          0 
    235007     234975     491522     540738     103483          2          0 
    236423     236395     491522     540738     104912          2          0 
    236051     236018     491522     540738     104528          2          0 
    234831     234803     491522     540770     103145          2          0 
    237719     237689     491522     540802     105522          3          0 
    234947     234918     491522     540738     103440          2          0 
    235879     235849     491522     540898     103063          2          2 
    235279     235251     491522     540770     103594          3          0 
    236255     236221     491522     540770     104565          2          0 
    235307     235273     491522     540898     102671          2          0 
    236511     236482     491522     540930     103787          3          0 
    234099     234068     491522     540738     102588          2          0 
    233775     233745     491522     540706     102448          2          0 
    234347     234319     491522     540706     103020          1          0 
    234347     234314     491522     540674     103192          1          0 
    234491     234465     491522     540738     102985          1          0 
    234843     234814     491522     540706     103421          1          0 
    234391     234360     491522     540706     102684          1          0 
    233743     233712     491522     540706     102413          1          0 
    234883     234851     491522     540674     103691          1          0 
    233411     233382     491522     540674     102265          1          0 
    233527     233501     491522     540674     102380          1          0 
    234491     234463     491522     540802     102412          1          0 
    233715     233684     491522     540674     102563          1          0 
    233471     233443     491522     540674     102318          1          0 
    233479     233449     491522     540674     102331          1          0 
    233639     233612     491522     540674     102489          1          0 
    234431     234403     491522     540738     102928          1          0 
    234099     234067     491522     540706     102773          1          0 
    234035     234005     491522     540674     102883          1          0 
    234087     234055     491522     540738     102567          1          0 
    235799     235771     491522     540802     103925          2          0 
    234567     234536     491522     540706     103239          2          0 
    236203     236174     491522     540674     105049          2          0 
    233787     233761     491522     540706     102258          2          1 
    233551     233520     491522     540674     102396          2          0 
    234347     234317     491522     540706     102846          2          0 
    233619     233587     491522     540674     102467          2          0 
    233507     233476     491522     540674     102357          2          0 
    233403     233376     491522     540674     102256          2          0 
    233687     233655     491522     540674     102530          2          0 
    233559     233528     491522     540674     102406          2          0 
    233419     233387     491522     540674     102266          2          0 
    233595     233565     491522     540674     102445          2          0 
    233443     233410     491522     540674     102286          2          0 
    270983     235364     491523     540906     103289          8          3 
    233631     233602     491522     540674     102487          1          0 
    233651     233622     491522     540674     102503          1          0 
    233435     233405     491522     540674     102281          1          0 
    233535     233505     491522     540674     102383          1          0 
    233811     233780     491522     540706     102471          1          0 
    234903     234872     491522     540834     102847          1          0 
    234019     233993     491522     540674     102871          1          0 
    242219     242189     491522     540866     109987          1          0 
    233963     233932     491522     540738     102453          1          0 
    233803     233772     491522     540738     102276          1          0 
    234303     234276     491522     540802     102423          1          0 
    233731     233699     491522     540706     102406          1          0 
    234087     234055     491522     540706     102758          1          0 
    233599     233571     491522     540674     102452          1          0 
    234919     234890     491522     540898     102525          1          0 
    234355     234326     491522     540770     102648          1          0 
    234907     234879     491522     540898     102506          1          0 
    234039     234009     491522     540706     102710          1          0 
    234031     234000     491522     540738     102508          1          0 
    236407     236376     491522     540708     104968          2          0 
    234663     234631     491522     540706     103320          1          0 
    235739     235709     491522     540674     104570          2          0 
    233583     233553     491522     540674     102433          1          0 
    233471     233439     491522     540674     102315          1          0 
    233511     233481     491522     540674     102360          1          0 
    236715     236684     491522     540706     105383          1          0 
    233939     233906     491522     540706     102608          1          0 
    234467     234439     491522     540802     102595          1          0 
    234227     234197     491522     540706     102727          1          0 
    235083     235051     491522     540738     103571          2          0 
    234219     234188     491522     540706     102852          1          0 
    233451     233419     491522     540674     102295          1          0 
    233611     233580     491522     540674     102459          1          0 
    233595     233566     491522     540674     102445          1          0 
    233543     233511     491522     540674     102387          1          0 
    235579     235548     491522     540706     104247          1          0 
    233579     233553     491522     540674     102434          1          0 
    234799     234773     491522     540770     103111          1          0 
    235155     235126     491522     540706     103820          2          0 
    235359     235330     491522     540706     104025          1          0 
    233927     233898     491522     540674     102776          1          0 
    233807     233779     491522     540674     102655          1          0 
    233527     233498     491522     540674     102380          1          0 
    234619     234593     491522     540674     103472          1          0 
    234663     234630     491522     540674     103516          1          0 
    233571     233544     491522     540674     102420          1          0 
    233487     233458     491522     540674     102333          1          0 
    233635     233606     491522     540674     102481          1          0 
    233519     233486     491522     540674     102367          1          0 
    233783     233757     491522     540674     102637          1          0 
    233727     233694     491522     540674     102572          1          0 
    233735     233708     491522     540674     102583          1          0 
    233651     233619     491522     540674     102496          1          0 
    233487     233461     491522     540674     102337          1          0 
    233575     233542     491522     540674     102419          1          0 
    246027     234633     491523     540874     102808          6          0 
    233415     233385     491522     540674     102266          1          0 
    233591     233561     491522     540674     102441          1          0 
    233667     233637     491522     540674     102518          1          0 
    233575     233546     491522     540674     102421          1          0 
    233519     233489     491522     540674     102372          1          0 
    233763     233735     491522     540674     102611          1          0 
    233667     233636     491522     540674     102516          1          0 
    233407     233379     491522     540674     102253          1          0 
    233463     233432     491522     540674     102313          1          0 
    233395     233365     491522     540674     102241          1          0 
    233543     233513     491522     540674     102397          1          0 
    233431     233400     491522     540674     102275          1          0 
    233627     233596     491522     540674     102477          1          0 
    233347     233315     491522     540674     102193          1          0 
    233407     233379     491522     540674     102260          1          0 
    233507     233476     491522     540674     102353          1          0 
    233407     233375     491522     540674     102256          1          0 
    233535     233503     491522     540674     102381          1          0 
    233407     233375     491522     540674     102257          1          0 
    233479     233452     491522     540674     102327          1          0 
    233471     233442     491522     540674     102320          1          0 
