
     Clock   Core cyc   Instruct       Uops   res.stl.   L1D Miss   CodeMiss 
   1152181     432912     491778     611074     129562        333          4 
    234139     234185     491522     540738     102640          8          0 
    234239     234263     491522     540770     102557          2          0 
    233923     233946     491522     540738     102415          2          0 
    233631     233651     491522     540706     102298          2          0 
    234371     234396     491522     540834     102333          2          0 
    233623     233641     491522     540706     102301          2          0 
    306255     234930     491523     540908     102401         13          3 
    233459     233427     491522     540674     102289          2          0 
    234007     233977     491522     540770     102318          2          0 
    233855     233823     491522     540674     102705          2          0 
    233683     233655     491522     540706     102352          2          0 
    233667     233633     491522     540706     102334          2          0 
    233419     233390     491522     540674     102257          2          0 
    233923     233891     491522     540706     102591          2          0 
    233731     233702     491522     540706     102400          2          0 
    233859     233832     491522     540738     102357          2          0 
    234531     234502     491522     540898     102159          2          0 
    234787     234757     491522     540738     103271          2          0 
    241527     241495     491522     540898     109127          2          0 
    233519     233489     491522     540674     102367          1          0 
    233403     233373     491522     540674     102256          1          0 
    234395     234365     491522     540738     102887          1          0 
    233879     233845     491522     540738     102356          1          1 
    234471     234440     491522     540738     102963          0          0 
    233727     233700     491522     540706     102399          0          0 
    234271     234242     491522     540770     102587          0          0 
    233675     233643     491522     540738     102171          0          0 
    234051     234023     491522     540770     102349          0          0 
    234539     234672     491522     540804     102771          1          0 
    233839     233808     491522     540738     102326          0          0 
    234063     234036     491522     540674     102911          0          0 
    235171     235140     491522     540706     103839          0          0 
    236879     236850     491522     540772     105106          2          0 
    234155     234126     491522     540706     102597          0          0 
    233879     233846     491522     540770     102183          0          0 
    233367     233335     491522     540674     102202          0          0 
    235351     235318     491522     540674     104186          0          0 
    233871     233840     491522     540706     102540          0          0 
    234135     234106     491522     540770     102449          0          0 
    233247     233215     491522     540674     102094          0          0 
    233591     233561     491522     540674     102412          0          0 
    235571     235540     491522     540836     103449          1          0 
    234079     234048     491522     540770     102400          0          0 
    234883     234851     491522     540834     102433          0          1 
    233631     233598     491522     540706     102300          0          0 
    233391     233361     491522     540674     102242          0          0 
    236575     236544     491522     540674     105426          0          0 
    233563     233534     491522     540674     102412          0          0 
    233579     233549     491522     540706     102246          0          0 
    234007     233974     491522     540706     102666          0          0 
    234435     234403     491522     540674     103283          0          0 
    233507     233477     491522     540706     102174          0          0 
    234139     234109     491522     540706     102812          0          0 
    233603     233575     491522     540674     102457          0          0 
    233951     233920     491522     540674     102795          0          0 
    234803     234773     491522     540674     103649          0          0 
    233383     233355     491522     540674     102238          0          0 
    233311     233280     491522     540674     102158          0          0 
    233895     233865     491522     540706     102567          0          0 
    233575     233543     491522     540674     102423          0          0 
    233275     233242     491522     540674     102124          0          0 
    248303     234265     491523     540874     102438          5          0 
    233863     233833     491522     540674     102696          2          0 
    233503     233472     491522     540674     102341          2          0 
    233299     233268     491522     540674     102144          2          0 
    233367     233338     491522     540674     102218          2          0 
    233479     233453     491522     540674     102330          2          0 
    233503     233475     491522     540674     102360          2          0 
    233555     233525     491522     540706     102404          2          0 
    233575     233544     491522     540674     102426          2          0 
    233495     233466     491522     540674     102340          2          0 
    233371     233342     491522     540674     102223          2          0 
    233371     233341     491522     540674     102214          2          0 
    233411     233379     491522     540674     102258          2          0 
    233403     233376     491522     540674     102256          2          0 
    233571     233537     491522     540674     102418          2          0 
    233323     233295     491522     540674     102174          2          0 
    233451     233420     491522     540674     102300          2          0 
    233403     233376     491522     540674     102256          2          0 
    233403     233373     491522     540674     102256          2          0 
    233675     233646     491522     540674     102523          2          0 
    233427     233394     491522     540674     102273          2          0 
    233519     233492     491522     540674     102368          2          0 
    233239     233208     491522     540674     102084          2          0 
    233431     233404     491522     540674     102285          2          0 
    233523     233492     491522     540674     102369          2          0 
    233403     233374     491522     540674     102251          2          0 
    233499     233468     491522     540674     102351          2          0 
    233415     233384     491522     540674     102263          2          0 
    233451     233420     491522     540674     102300          2          0 
    233555     233528     491522     540674     102405          2          0 
    233447     233418     491522     540674     102298          2          0 
    233323     233295     491522     540674     102174          2          0 
    233275     233244     491522     540674     102123          2          0 
    233279     233252     491522     540674     102128          2          0 
    233447     233418     491522     540674     102300          2          0 
    233383     233356     491522     540674     102231          2          0 
    233419     233389     491522     540674     102269          2          0 
    233459     233430     491522     540674     102309          2          0 
    233423     233394     491522     540674     102273          2          0 
    233359     233331     491522     540674     102207          2          0 
    233199     233166     491522     540674     102049          2          0 
    233331     233303     491522     540674     102177          2          0 
    233407     233373     491522     540674     102256          2          0 
    233383     233356     491522     540674     102231          2          0 
    233399     233370     491522     540674     102244          2          0 
    233619     233591     491522     540674     102468          2          0 
    233487     233454     491522     540674     102338          2          0 
    233503     233472     491522     540674     102347          2          0 
    233595     233564     491522     540674     102444          2          0 
    233459     233430     491522     540674     102309          2          0 
    233399     233366     491522     540674     102245          2          0 
    233407     233375     491522     540674     102256          2          0 
    233423     233394     491522     540674     102273          2          0 
    233483     233453     491522     540674     102331          2          0 
    233631     233601     491522     540674     102484          2          0 
    233359     233329     491522     540674     102205          2          0 
    243275     234101     491523     540874     102285          4          0 
    233575     233574     491522     540674     102417          5          0 
    233695     233691     491522     540674     102545          1          0 
    233343     233347     491522     540674     102197          1          0 
    233299     233298     491522     540674     102149          1          0 
    233323     233328     491522     540674     102170          1          0 
    233511     233510     491522     540674     102360          1          0 
    233231     233233     491522     540674     102080          1          0 
    233219     233216     491522     540674     102070          1          0 
    233355     233359     491522     540674     102210          1          0 
    233427     233427     491522     540674     102278          1          0 
    233423     233424     491522     540674     102275          1          0 
    233219     233216     491522     540674     102070          1          0 
    233399     233401     491522     540674     102248          1          0 
    233355     233353     491522     540674     102207          1          0 
    233483     233485     491522     540674     102332          1          0 
    233503     233499     491522     540674     102349          1          0 
    233339     233338     491522     540674     102187          1          0 
    233579     233575     491522     540674     102424          1          0 
    233307     233308     491522     540674     102158          1          0 
    233423     233422     491522     540674     102275          1          0 
    233271     233273     491522     540674     102118          1          0 
    233491     233490     491522     540674     102344          1          0 
    233191     233195     491522     540674     102041          1          0 
    233251     233255     491522     540674     102102          1          0 
    233207     233209     491522     540674     102057          1          0 
    233491     233490     491522     540674     102344          1          0 
    233307     233308     491522     540674     102153          1          0 
    233327     233326     491522     540674     102170          1          0 
    233367     233367     491522     540674     102219          1          0 
    233411     233410     491522     540674     102258          1          0 
    233427     233424     491522     540674     102275          1          0 
