
     Clock   Core cyc   Instruct       Uops   res.stl.   L1D Miss   CodeMiss 
   1077748     420287     491778     611076     131068        276          2 
    233696     233710     491522     540674     102553          5          0 
    233640     233653     491522     540674     102496          2          0 
    233644     233667     491522     540674     102502          2          0 
    233544     233556     491522     540674     102392          2          0 
    233616     233628     491522     540674     102467          2          0 
    233588     233602     491522     540674     102444          2          0 
    233660     233669     491522     540674     102507          2          0 
    233912     233934     491522     540674     102765          2          0 
    233592     233604     491522     540674     102447          2          0 
    233800     233822     491522     540674     102654          2          0 
    233668     233678     491522     540674     102521          2          0 
    233708     233717     491522     540674     102555          2          0 
    233700     233713     491522     540674     102551          2          0 
    233472     233486     491522     540674     102330          2          0 
    233428     233450     491522     540674     102281          2          0 
    233616     233639     491522     540674     102475          2          0 
    233548     233562     491522     540674     102408          2          0 
    233532     233554     491522     540674     102385          2          0 
    233864     233887     491522     540674     102723          2          0 
    233820     233831     491522     540674     102668          2          0 
    233700     233710     491522     540674     102552          2          0 
    233532     233554     491522     540674     102385          2          0 
    233644     233653     491522     540674     102492          2          0 
    233668     233680     491522     540674     102522          1          0 
    233556     233570     491522     540674     102414          1          0 
    273776     234498     491523     540874     102474          6          3 
    233892     233864     491522     540674     102745          1          0 
    233820     233791     491522     540674     102670          1          0 
    233544     233517     491522     540674     102393          1          0 
    233612     233582     491522     540674     102464          1          0 
    233624     233599     491522     540674     102478          1          0 
    233680     233649     491522     540674     102532          1          0 
    233828     233802     491522     540674     102677          1          0 
    233660     233630     491522     540674     102517          1          0 
    233660     233631     491522     540674     102510          1          0 
    233688     233660     491522     540674     102539          1          0 
    233596     233569     491522     540674     102450          1          0 
    233836     233806     491522     540674     102683          1          0 
    233652     233627     491522     540674     102510          1          0 
    234252     234225     491522     540706     102656          0          0 
    234172     234143     491522     540738     102667          0          0 
    233820     233795     491522     540706     102494          0          0 
    233480     233455     491522     540674     102334          0          0 
    234288     234263     491522     540674     103124          0          0 
    233456     233429     491522     540674     102311          0          0 
    234036     234013     491522     540674     102889          0          0 
    233496     233470     491522     540674     102347          0          0 
    233908     233883     491522     540674     102763          0          0 
    233604     233574     491522     540674     102456          0          0 
    233644     233619     491522     540674     102497          0          0 
    235800     235773     491522     540674     104531          0          0 
    235896     235868     491522     540834     103837          0          0 
    237672     237642     491522     540706     106309          2          0 
    236140     236316     491522     540836     104026          2          0 
    235616     235588     491522     540834     103569          0          0 
    235076     235049     491522     540770     103393          0          0 
    237376     237349     491522     540994     104423          0          0 
    239676     239647     491522     540996     106659          2          0 
    239484     239456     491522     541028     106265          1          0 
    239588     239559     491522     540898     107184          2          0 
    235736     235958     491522     540834     103692          2          0 
    238296     238270     491522     540994     105107          0          1 
    240168     241182     491522     541218     105723          1          1 
    238496     238471     491522     541122     104216          0          3 
    237904     238353     491522     541026     104491          3          0 
    239756     239729     491522     540962     106765          0          0 
    237316     237572     491522     540868     104801          3          1 
    238652     238623     491522     540962     105458          1          2 
    234640     234614     491522     540834     102596          1          0 
    235936     235912     491522     540930     103372          1          0 
    234896     234873     491522     540706     103571          1          0 
    237112     237085     491522     540898     104709          1          0 
    236208     236179     491522     540770     104530          1          0 
    235828     236140     491522     540740     104250          3          0 
    240844     240821     491522     541058     107322          3          2 
    244096     244068     491522     541252     109440          2          1 
    240544     240521     491522     541282     105717          1          0 
    237708     237880     491522     540804     105768          4          0 
    238132     238105     491522     540866     105729          1          0 
    234644     234620     491522     540834     102599          1          0 
    263844     236972     491523     541002     104076          6          1 
    233668     233918     491522     540674     102479          2          0 
    234184     234154     491522     540706     102586          1          1 
    234084     234060     491522     540674     102923          1          0 
    233680     233653     491522     540674     102534          1          0 
    234564     234538     491522     540738     102811          1          2 
    235808     235781     491522     540898     103213          1          1 
    236452     236689     491522     540994     103498          2          0 
    235364     235336     491522     540866     103135          1          0 
    234400     234375     491522     540738     102896          1          0 
    239432     239682     491522     540898     106832          2          0 
    240772     240744     491522     540834     108731          2          0 
    238060     238037     491522     540804     106134          2          0 
    234824     235017     491522     540738     103304          2          0 
    238912     238886     491522     541090     105127          1          1 
    241808     241778     491522     541220     106925          2          1 
    237476     237646     491522     541122     103821          2          0 
    238464     238437     491522     541156     104391          4          0 
    235488     235457     491522     540866     103027          1          0 
    233588     233563     491522     540674     102442          1          0 
    233572     233545     491522     540674     102426          1          0 
    234516     234710     491522     540802     102488          2          1 
    234372     234346     491522     540674     103222          1          0 
    233732     233708     491522     540706     102411          1          0 
    233976     233948     491522     540738     102477          1          0 
    235800     235772     491522     540740     103514          2          2 
    233660     233634     491522     540674     102516          1          0 
    233748     233720     491522     540674     102605          1          0 
    233648     233625     491522     540674     102502          1          0 
    235040     235016     491522     540866     102817          1          0 
    235884     235860     491522     540770     104193          1          0 
    233900     233874     491522     540674     102740          1          0 
    237704     237676     491522     540738     106189          1          0 
    234676     234651     491522     540802     102819          1          0 
    234068     234042     491522     540674     102922          2          0 
    233928     233902     491522     540706     102600          1          0 
    235048     235020     491522     540674     103902          1          0 
    233640     233614     491522     540674     102488          1          0 
    233880     233850     491522     540674     102729          1          0 
    234300     234273     491522     540674     103155          1          0 
    233844     233814     491522     540706     102518          1          0 
    234024     234000     491522     540706     102698          1          0 
    233996     233965     491522     540674     102844          1          0 
    234816     234789     491522     540738     103140          1          1 
    233672     233642     491522     540674     102526          1          0 
    235428     235397     491522     540706     104099          1          0 
    234196     234167     491522     540706     102869          1          0 
    233932     233904     491522     540674     102781          1          0 
    233588     233562     491522     540674     102443          1          0 
    233628     233601     491522     540674     102478          1          0 
    233796     233769     491522     540738     102279          1          0 
    233784     233758     491522     540706     102463          1          0 
    233728     233699     491522     540674     102578          1          0 
    234192     234168     491522     540674     103049          1          0 
    234268     234243     491522     540674     103120          1          0 
    234112     234088     491522     540738     102605          1          0 
    255116     234876     491523     540874     102615          6          0 
    234196     234170     491522     540674     103048          1          0 
    233740     233714     491522     540706     102414          1          0 
    234168     234143     491522     540738     102646          1          0 
    233784     233757     491522     540674     102628          1          0 
    233996     233973     491522     540738     102497          1          0 
    234084     234059     491522     540706     102743          1          0 
    233840     233813     491522     540674     102694          1          0 
    233616     233590     491522     540674     102464          1          0 
    233492     233466     491522     540674     102350          1          0 
    233816     233791     491522     540674     102668          1          0 
    233608     233577     491522     540674     102456          1          0 
    233632     233608     491522     540674     102489          1          0 
