
     Clock   Core cyc   Instruct       Uops   res.stl.   L1D Miss   CodeMiss 
   1096352     422147     491778     611076     132759        292          3 
    233543     233544     491522     540674     102378          3          0 
    233931     233898     491522     540674     102773          1          0 
    233487     233460     491522     540674     102334          1          0 
    233267     233235     491522     540674     102112          1          0 
    233707     233679     491522     540674     102563          2          0 
    233387     233357     491522     540674     102237          1          0 
    233535     233504     491522     540674     102385          1          0 
    233463     233430     491522     540674     102314          1          0 
    233699     233670     491522     540674     102552          1          0 
    233347     233318     491522     540674     102198          2          0 
    233511     233480     491522     540674     102358          1          0 
    233643     233613     491522     540674     102491          2          0 
    233431     233402     491522     540674     102280          1          0 
    233879     233851     491522     540738     102371          1          0 
    233575     233545     491522     540674     102423          2          0 
    233351     233321     491522     540674     102200          1          0 
    233391     233361     491522     540674     102241          1          0 
    233555     233526     491522     540674     102411          1          0 
    233595     233568     491522     540674     102444          1          0 
    233415     233384     491522     540674     102264          2          0 
    233527     233497     491522     540674     102374          1          0 
    233459     233427     491522     540674     102306          1          0 
    233331     233304     491522     540674     102186          1          0 
    233363     233332     491522     540674     102210          0          0 
    233455     233428     491522     540674     102307          0          0 
    233591     233563     491522     540706     102261          1          0 
    233443     233409     491522     540674     102291          0          0 
    234431     234401     491522     540802     102571          0          0 
    234691     234665     491522     540802     102614          0          2 
    234507     234479     491522     540834     102466          0          0 
    234263     234231     491522     540802     102397          0          0 
    236031     236001     491522     540930     103461          1          0 
    236103     236072     491522     540802     104236          1          0 
    234535     234506     491522     540866     102306          1          0 
    235191     235162     491522     540770     103501          2          0 
    235571     235538     491522     540866     103350          1          0 
    233763     233736     491522     540674     102612          1          0 
    234671     234641     491522     540772     102905          2          0 
    237423     237393     491522     540674     106273          1          0 
    234607     234579     491522     540804     102676          1          0 
    233971     233941     491522     540802     102108          0          0 
    235447     235416     491522     540898     103048          0          0 
    234959     234925     491522     540738     103450          1          0 
    236243     236215     491522     540930     103667          0          0 
    235547     235513     491522     540866     103325          0          0 
    235203     235172     491522     540802     103322          1          0 
    235183     235298     491522     540962     102593          1          0 
    234855     234827     491522     540834     102805          0          0 
    237771     237743     491522     541154     103935          1          0 
    240727     240697     491522     541508     103679          3          5 
    291203     237431     491523     541004     103614         10          3 
    235067     235039     491522     540738     103556          1          0 
    234155     234124     491522     540674     102989          1          0 
    234239     234206     491522     540738     102446          1          0 
    237743     237712     491522     540866     105304          1          0 
    237211     237182     491522     540834     104623          1          0 
    236087     236057     491522     540834     103708          1          2 
    234623     234593     491522     540770     102924          2          0 
    235763     235733     491522     540770     103869          1          2 
    238115     238087     491522     540868     105398          3          1 
    235479     235448     491522     540930     102902          1          0 
    237027     236996     491522     541186     102993          1          0 
    235439     235409     491522     540898     103036          1          0 
    239259     239228     491522     540932     106268          2          1 
    238363     238332     491522     541250     103833          1          0 
    236691     236658     491522     540898     103937          1          0 
    239095     239349     491522     541090     105618          2          0 
    241111     241080     491522     541026     107995          2          0 
    239839     239807     491522     541092     105832          2          2 
    237191     237163     491522     541026     103487          1          2 
    242919     242890     491522     541122     109281          1          0 
    238663     238635     491522     541028     105211          2          0 
    237127     237098     491522     541060     103770          2          0 
    238703     238674     491522     540932     106050          2          0 
    235415     235383     491522     540962     102645          1          0 
    236835     236807     491522     541090     103089          1          2 
    236571     236543     491522     540994     103627          2          0 
    240571     240541     491522     541188     104949          2          1 
    238671     238638     491522     541346     103746          1          0 
    237963     237931     491522     541028     104539          4          2 
    236467     236438     491522     541154     102622          1          0 
    237375     237346     491522     541090     103387          1          1 
    238167     238137     491522     540962     105421          1          0 
    235979     235949     491522     540962     103252          1          0 
    238199     238165     491522     541346     102913          1          1 
    239387     239355     491522     541154     105597          3          0 
    237511     237482     491522     540996     104217          2          1 
    235211     235183     491522     540930     102621          1          0 
    234671     234644     491522     540834     102518          1          0 
    235543     235512     491522     540930     102959          1          0 
    235263     235489     491522     540898     102712          2          0 
    234511     234483     491522     540802     102394          1          2 
    234619     234587     491522     540802     102761          2          0 
    234427     234394     491522     540738     102922          1          0 
    233823     233792     491522     540738     102312          1          0 
    234191     234159     491522     540738     102685          1          0 
    235119     235093     491522     540772     103281          2          0 
    233979     233949     491522     540706     102646          1          0 
    233391     233363     491522     540674     102249          1          0 
    233583     233553     491522     540674     102430          1          0 
    233487     233458     491522     540674     102227          1          0 
    233343     233315     491522     540674     102190          1          0 
    233259     233225     491522     540674     102106          1          0 
    236467     236439     491522     540674     105317          1          0 
    238855     238826     491522     540738     107347          1          0 
    257571     236128     491523     540874     103414          6          0 
    234255     234511     491522     540706     102680          2          1 
    234227     234195     491522     540706     102499          1          2 
    234711     234684     491522     540674     103562          1          0 
    233571     233541     491522     540674     102426          2          0 
    234383     234350     491522     540708     102980          2          0 
    234927     235174     491522     540802     102868          2          1 
    236983     236949     491522     540802     104576          1          3 
    235887     235860     491522     540962     102832          3          0 
    235727     235905     491522     540802     103861          3          0 
    236015     235982     491522     540866     103622          1          0 
    235807     235777     491522     540930     102997          1          1 
    242839     242810     491522     540962     109774          2          0 
    235383     235354     491522     540834     103339          1          0 
    233963     233935     491522     540674     102816          2          0 
    235443     235691     491522     540770     103756          2          0 
    239447     239417     491522     540964     106063          3          1 
    236231     236203     491522     540994     103290          1          0 
    238803     238773     491522     540994     105862          2          0 
    236383     236353     491522     540866     103664          2          3 
    238391     238360     491522     541058     105095          1          0 
    241111     241083     491522     541348     105556          2          2 
    236415     236384     491522     541090     102984          1          0 
    237187     237159     491522     541058     103879          3          0 
    236767     236737     491522     541186     102758          1          0 
    237427     237397     491522     541058     103616          1          2 
    241611     241583     491522     540770     108769          1          2 
    233859     233826     491522     540706     102528          1          0 
    236035     236007     491522     540674     104884          1          0 
    234955     234924     491522     540802     102903          1          1 
    236451     236422     491522     540744     104720          5          0 
    233347     233315     491522     540674     102194          1          0 
    233683     233655     491522     540706     102353          1          0 
    233383     233352     491522     540674     102230          1          0 
    233387     233357     491522     540674     102234          1          0 
    233699     233668     491522     540674     102553          1          0 
    233431     233403     491522     540674     102279          1          0 
    233547     233518     491522     540674     102400          1          0 
    233671     233640     491522     540674     102519          1          0 
    233515     233485     491522     540706     102184          1          0 
    234263     234237     491522     540738     102754          3          0 
    233327     233298     491522     540674     102181          1          0 
    234139     234110     491522     540676     102912          3          0 
    233555     233523     491522     540674     102405          1          0 
