
     Clock   Core cyc   Instruct       Uops   res.stl.   L1D Miss   CodeMiss 
   1154291     436127     491778     611141     132994        302          2 
    235980     236035     491522     540770     104272          5          0 
    234460     234492     491522     540706     102875          2          1 
    236984     237015     491522     540802     105085          2          0 
    236936     236971     491522     540802     104858          2          2 
    233348     233383     491522     540674     102218          2          0 
    233708     233744     491522     540738     102205          2          0 
    235908     235943     491522     540706     104588          2          0 
    235208     235242     491522     540706     103896          2          0 
    234292     234316     491522     540740     102729          3          0 
    234744     234777     491522     540706     103423          3          0 
    233416     233446     491522     540674     102280          2          0 
    233360     233390     491522     540674     102227          2          0 
    235640     235673     491522     540674     104505          2          0 
    234024     234056     491522     540770     102341          2          1 
    235140     235173     491522     540738     103643          2          0 
    234460     234492     491522     540674     103323          2          0 
    235632     235665     491522     540674     104479          2          0 
    233584     233617     491522     540706     102271          2          0 
    234456     234491     491522     540674     103321          2          0 
    236064     236092     491522     540738     104573          2          0 
    234300     234336     491522     540674     103166          2          0 
    234064     234099     491522     540674     102935          2          0 
    233516     233548     491522     540674     102377          2          0 
    233244     233229     491522     540674     102106          0          0 
    233560     233544     491522     540674     102420          0          0 
    233808     233793     491522     540738     102312          0          0 
    234048     234032     491522     540706     102733          1          0 
    234160     234148     491522     540738     102675          0          0 
    234168     234154     491522     540706     102854          0          0 
    233420     233406     491522     540674     102287          0          0 
    233888     233874     491522     540706     102563          0          0 
    234644     234628     491522     540706     103328          0          0 
    236852     236836     491522     540738     105358          0          0 
    233880     233868     491522     540738     102388          0          0 
    233372     233354     491522     540674     102235          0          0 
    233752     233739     491522     540738     102255          0          0 
    233664     233650     491522     540706     102351          0          0 
    233524     233510     491522     540706     102206          0          0 
    233744     233730     491522     540738     102239          0          0 
    233564     233547     491522     540674     102424          0          0 
    233728     233714     491522     540706     102414          1          0 
    233436     233418     491522     540706     102122          0          0 
    260540     235387     491523     540906     102539          9          2 
    233664     233653     491522     540706     102351          1          0 
    233312     233294     491522     540674     102173          1          0 
    234224     234211     491522     540676     103017          2          0 
    233504     233485     491522     540674     102365          1          0 
    233424     233410     491522     540674     102260          1          0 
    234852     234838     491522     540770     103136          1          0 
    233880     233866     491522     540738     102392          1          0 
    234256     234242     491522     540802     102409          1          0 
    234740     234728     491522     540706     103426          1          0 
    242728     242710     491522     540802     110828          1          0 
    234972     234956     491522     540866     102755          1          0 
    233720     233706     491522     540674     102585          1          0 
    234608     234593     491522     540738     103106          1          0 
    233608     233594     491522     540674     102462          1          0 
    233308     233293     491522     540674     102172          1          0 
    233532     233519     491522     540674     102382          1          0 
    233500     233481     491522     540674     102356          1          0 
    234592     234580     491522     540834     102551          1          0 
    233896     233879     491522     540676     102685          2          0 
    234364     234350     491522     540770     102691          2          0 
    233808     233796     491522     540674     102672          1          0 
    234724     234706     491522     540738     103226          1          0 
    234856     234842     491522     540674     103723          1          0 
    236808     236793     491522     540770     105125          1          0 
    234584     234567     491522     540674     103446          1          0 
    233804     233793     491522     540738     102300          1          0 
    233476     233459     491522     540674     102337          1          0 
    235188     235172     491522     540674     104051          1          0 
    233560     233542     491522     540706     102247          1          0 
    234072     234057     491522     540770     102399          1          0 
    233800     233786     491522     540738     102289          1          0 
    233868     233849     491522     540674     102731          1          0 
    233660     233644     491522     540706     102343          1          0 
    234796     234781     491522     540802     102944          2          0 
    234484     234471     491522     540834     102450          1          0 
    233832     233817     491522     540738     102339          1          0 
    233516     233503     491522     540674     102379          1          0 
    234896     234878     491522     540706     103582          1          0 
    233504     233492     491522     540674     102369          1          0 
    233884     233866     491522     540674     102745          1          0 
    233808     233796     491522     540706     102498          1          0 
    235912     235896     491522     540674     104774          1          0 
    233396     233382     491522     540674     102260          1          0 
    233424     233408     491522     540674     102286          1          0 
    233504     233490     491522     540706     102196          1          0 
    233472     233459     491522     540674     102335          1          0 
    233592     233576     491522     540674     102454          1          0 
    233500     233487     491522     540706     102191          1          0 
    233180     233164     491522     540674     102044          1          0 
    233472     233457     491522     540674     102332          1          0 
    233592     233577     491522     540706     102278          1          0 
    233444     233428     491522     540674     102305          1          0 
    233388     233376     491522     540674     102250          1          0 
    233784     233770     491522     540674     102650          1          0 
    233484     233470     491522     540674     102351          1          0 
    253556     234241     491523     540874     102350          8          1 
    233488     233472     491522     540674     102351          1          0 
    233536     233521     491522     540674     102399          1          0 
    233340     233324     491522     540674     102201          1          0 
    233424     233408     491522     540674     102291          1          0 
    233476     233465     491522     540674     102343          1          0 
    233412     233395     491522     540674     102279          1          0 
    233596     233583     491522     540674     102463          1          0 
    233320     233304     491522     540674     102187          1          0 
    233412     233396     491522     540674     102271          1          0 
    233448     233429     491522     540674     102306          1          0 
    233332     233317     491522     540674     102193          1          0 
    233280     233265     491522     540674     102144          1          0 
    233408     233396     491522     540674     102271          1          0 
    233584     233569     491522     540674     102447          1          0 
    233488     233474     491522     540674     102352          1          0 
    233252     233233     491522     540674     102116          1          0 
    233580     233564     491522     540674     102439          1          0 
    233436     233418     491522     540674     102299          1          0 
    233728     233716     491522     540674     102596          1          0 
    233252     233236     491522     540674     102116          1          0 
    233372     233358     491522     540674     102239          1          0 
    233244     233230     491522     540674     102113          1          0 
    233596     233582     491522     540674     102460          1          0 
    233252     233236     491522     540674     102116          1          0 
    233412     233397     491522     540674     102272          1          0 
    233512     233495     491522     540674     102375          1          0 
    233528     233514     491522     540674     102393          1          0 
    233496     233481     491522     540674     102363          1          0 
    233380     233367     491522     540674     102244          1          0 
    233424     233408     491522     540674     102290          1          0 
    233232     233216     491522     540674     102099          1          0 
    233444     233430     491522     540674     102312          1          0 
    233240     233226     491522     540674     102104          1          0 
    233508     233495     491522     540674     102375          1          0 
    233472     233459     491522     540674     102340          1          0 
    233488     233473     491522     540674     102352          1          0 
    233312     233301     491522     540674     102179          1          0 
    233324     233308     491522     540674     102192          1          0 
    233352     233336     491522     540674     102214          1          0 
    233420     233406     491522     540674     102289          1          0 
    233492     233477     491522     540674     102355          1          0 
    233496     233480     491522     540674     102358          1          0 
    233416     233403     491522     540674     102282          1          0 
    233400     233385     491522     540674     102264          1          0 
    233248     233231     491522     540674     102108          1          0 
    233504     233488     491522     540674     102366          1          0 
    233416     233403     491522     540674     102282          1          0 
    233748     233731     491522     540674     102607          1          0 
    233348     233335     491522     540674     102216          1          0 
    233288     233271     491522     540674     102155          1          0 
