
     Clock   Core cyc   Instruct       Uops   res.stl.   L1D Miss   CodeMiss 
   1131128     434677     491778     611449     128635        400          2 
    234208     234207     491522     540770     102537          5          0 
    234128     234100     491522     540770     102456          0          0 
    233608     233581     491522     540706     102293          0          0 
    234336     234312     491522     540802     102486          1          0 
    234872     234843     491522     540740     103301          1          0 
    233792     233764     491522     540738     102299          1          0 
    233528     233499     491522     540706     102213          0          0 
    235392     235365     491522     540834     103167          1          0 
    233552     233524     491522     540674     102417          1          0 
    233356     233333     491522     540674     102227          1          0 
    233412     233387     491522     540674     102281          1          0 
    233512     233483     491522     540674     102371          1          0 
    233392     233362     491522     540674     102255          1          0 
    233580     233557     491522     540674     102449          1          0 
    233488     233458     491522     540674     102352          1          0 
    233452     233425     491522     540674     102317          1          0 
    233440     233413     491522     540674     102308          1          0 
    233468     233442     491522     540674     102331          1          0 
    264612     234901     491523     540874     102284         14          3 
    233596     233569     491522     540674     102449          1          0 
    233476     233447     491522     540674     102320          1          0 
    233576     233548     491522     540674     102425          1          0 
    233304     233275     491522     540674     102152          1          0 
    233412     233383     491522     540674     102261          1          0 
    233376     233350     491522     540674     102227          1          0 
    233468     233438     491522     540674     102320          1          0 
    233544     233518     491522     540674     102396          1          0 
    233296     233268     491522     540674     102150          1          0 
    233468     233441     491522     540674     102321          1          0 
    233576     233549     491522     540674     102432          1          0 
    233380     233355     491522     540674     102236          1          0 
    233428     233401     491522     540674     102281          1          0 
    233260     233234     491522     540674     102111          1          0 
    233468     233438     491522     540674     102321          1          0 
    233580     233552     491522     540674     102430          1          0 
    233436     233409     491522     540674     102285          1          0 
    233360     233336     491522     540674     102212          1          0 
    233564     233538     491522     540674     102422          1          0 
    233412     233386     491522     540674     102264          1          0 
    233332     233304     491522     540674     102183          0          0 
    233656     233632     491522     540674     102509          0          0 
    233528     233500     491522     540674     102380          0          0 
    233304     233278     491522     540674     102159          0          0 
    233376     233348     491522     540674     102229          0          0 
    233408     233382     491522     540674     102259          0          0 
    233528     233500     491522     540674     102380          0          0 
    233356     233327     491522     540674     102205          0          0 
    233376     233348     491522     540674     102229          0          0 
    233584     233557     491522     540674     102435          0          0 
    233352     233323     491522     540674     102203          0          0 
    233384     233359     491522     540674     102237          0          0 
    233376     233348     491522     540674     102229          0          0 
    233264     233238     491522     540674     102116          0          0 
    233536     233509     491522     540674     102390          0          0 
    233384     233359     491522     540674     102237          0          0 
    233356     233326     491522     540674     102206          0          0 
    233524     233497     491522     540674     102378          0          0 
    233380     233351     491522     540674     102230          0          0 
    233440     233413     491522     540674     102288          0          0 
    233396     233367     491522     540674     102245          0          0 
    233520     233497     491522     540674     102378          0          0 
    233316     233291     491522     540674     102173          0          0 
    233324     233299     491522     540674     102177          0          0 
    233440     233412     491522     540674     102288          0          0 
    233372     233344     491522     540674     102221          0          0 
    233412     233384     491522     540674     102263          0          0 
    233412     233385     491522     540674     102259          0          0 
    233608     233577     491522     540674     102460          0          0 
    233356     233330     491522     540674     102206          0          0 
    233528     233500     491522     540674     102380          0          0 
    233384     233360     491522     540674     102241          0          0 
    233628     233600     491522     540674     102476          0          0 
    233304     233279     491522     540674     102154          0          0 
    233320     233291     491522     540674     102173          0          0 
    241976     234132     491523     540874     102331          4          0 
    233340     233313     491522     540674     102192          1          0 
    233664     233637     491522     540674     102515          1          0 
    233372     233348     491522     540674     102228          1          0 
    233492     233464     491522     540674     102344          1          0 
    233448     233424     491522     540674     102299          1          0 
    234000     233972     491522     540674     102850          1          0 
    234408     234381     491522     540674     103259          1          0 
    233872     233841     491522     540674     102721          1          0 
    233728     233702     491522     540674     102577          1          0 
    234052     234022     491522     540706     102535          1          0 
    233900     233874     491522     540674     102754          1          0 
    233576     233547     491522     540674     102423          1          0 
    233472     233446     491522     540674     102322          1          0 
    233336     233308     491522     540674     102189          1          0 
    233544     233516     491522     540674     102389          1          0 
    233460     233432     491522     540674     102312          1          0 
    233508     233482     491522     540674     102360          1          0 
    233276     233250     491522     540674     102133          1          0 
    233576     233547     491522     540674     102427          1          0 
    233408     233379     491522     540674     102255          1          0 
    233552     233528     491522     540674     102408          1          0 
    233428     233402     491522     540674     102281          1          0 
    233736     233710     491522     540674     102586          1          0 
    233276     233245     491522     540674     102128          1          0 
    233552     233528     491522     540674     102408          1          0 
    233276     233250     491522     540674     102133          1          0 
    233688     233662     491522     540674     102539          1          0 
    233272     233245     491522     540674     102128          1          0 
    233348     233322     491522     540674     102200          1          0 
    233368     233342     491522     540674     102223          1          0 
    233464     233440     491522     540674     102317          1          0 
    233412     233383     491522     540674     102263          1          0 
    233348     233322     491522     540674     102200          1          0 
    233412     233381     491522     540674     102262          1          0 
    233484     233457     491522     540706     102161          1          0 
    235440     235413     491522     540706     104114          2          0 
    235632     235606     491522     540962     102464          1          3 
    235424     235393     491522     540708     103744          2          2 
    233324     233299     491522     540674     102176          1          0 
    234092     234062     491522     540738     102365          1          0 
    233568     233542     491522     540674     102420          1          0 
    233284     233253     491522     540674     102132          1          0 
    233584     233558     491522     540674     102435          1          0 
    233776     233748     491522     540674     102627          1          0 
    234428     234401     491522     540770     102576          1          1 
    235004     234977     491522     540706     103140          1          1 
    233180     233151     491522     540674     102026          1          0 
    233636     233609     491522     540674     102486          1          0 
    234608     234581     491522     540674     103460          1          0 
    233660     233634     491522     540674     102508          1          0 
    234044     234014     491522     540674     102893          1          0 
    234432     234403     491522     540674     103282          1          0 
    233764     233739     491522     540674     102620          1          0 
    235256     235502     491522     540740     103666          4          0 
    238404     238378     491522     541058     105110          1          0 
    279620     238736     491523     541002     105742          8          3 
    235268     235242     491522     540836     102893          2          1 
    238032     238007     491522     540802     106142          1          0 
    234716     234688     491522     540770     103038          1          0 
    234084     234058     491522     540674     102937          1          0 
    239012     238982     491522     541058     105423          4          1 
    236432     236406     491522     541028     103229          2          0 
    237500     237474     491522     540834     105260          1          0 
    236564     236538     491522     540866     103454          1          4 
    234648     234622     491522     540770     102969          1          0 
    236696     236669     491522     540834     104450          1          0 
    236196     236170     491522     540834     103602          2          2 
    234932     234909     491522     540802     103065          1          0 
    234500     234472     491522     540770     102819          1          0 
    233688     233663     491522     540706     102365          1          0 
    235056     235026     491522     540674     103905          1          0 
    233424     233399     491522     540674     102278          1          0 
    234344     234315     491522     540706     103015          1          0 
    234776     234944     491522     540674     103627          2          0 
