
     Clock   Core cyc   Instruct       Uops   res.stl.   L1D Miss   CodeMiss 
   1119933     421192     491778     611074     131736        209          4 
    233759     233764     491522     540676     102540          4          0 
    233587     233556     491522     540676     102368          2          0 
    233499     233470     491522     540674     102352          1          0 
    233575     233543     491522     540674     102418          1          0 
    233343     233315     491522     540674     102183          1          0 
    233571     233543     491522     540674     102422          1          0 
    233455     233423     491522     540674     102304          1          0 
    233463     233432     491522     540674     102306          1          0 
    233491     233460     491522     540674     102341          1          0 
    233419     233387     491522     540674     102262          1          0 
    233371     233339     491522     540674     102218          1          0 
    233567     233535     491522     540674     102414          1          0 
    233463     233434     491522     540674     102313          1          0 
    233339     233307     491522     540674     102185          1          0 
    233339     233308     491522     540674     102192          1          0 
    233303     233274     491522     540674     102150          1          0 
    233507     233478     491522     540674     102357          1          0 
    233527     233498     491522     540674     102374          1          0 
    233495     233465     491522     540674     102349          1          0 
    233263     233237     491522     540674     102120          1          0 
    233379     233347     491522     540674     102225          1          0 
    233519     233491     491522     540674     102369          1          0 
    233403     233373     491522     540674     102252          1          0 
    233263     233235     491522     540674     102112          0          0 
    233267     233233     491522     540674     102113          0          0 
    233583     233554     491522     540674     102433          0          0 
    233435     233405     491522     540674     102289          0          0 
    233387     233359     491522     540674     102239          0          0 
    233435     233405     491522     540674     102287          0          0 
    233195     233164     491522     540674     102045          0          0 
    233487     233457     491522     540674     102334          0          0 
    233431     233400     491522     540674     102278          0          0 
    233443     233410     491522     540674     102288          0          0 
    233279     233250     491522     540674     102127          0          0 
    233347     233314     491522     540674     102193          0          0 
    233139     233111     491522     540674     101989          0          0 
    233315     233287     491522     540674     102168          0          0 
    233559     233531     491522     540674     102415          0          0 
    233343     233312     491522     540674     102194          0          0 
    233431     233403     491522     540674     102281          0          0 
    233615     233585     491522     540674     102469          0          0 
    233183     233152     491522     540674     102030          0          0 
    233487     233458     491522     540674     102339          0          0 
    233459     233428     491522     540674     102304          0          0 
    233291     233263     491522     540674     102141          0          0 
    233411     233380     491522     540674     102257          0          0 
    233431     233401     491522     540674     102285          0          0 
    233303     233273     491522     540674     102148          0          0 
    233563     233532     491522     540674     102408          0          0 
    233587     233560     491522     540674     102435          0          0 
    233463     233430     491522     540674     102314          0          0 
    233415     233386     491522     540674     102262          0          0 
    246355     234068     491523     540874     102267          4          0 
    233399     233370     491522     540674     102216          1          0 
    233343     233313     491522     540674     102190          1          0 
    233359     233328     491522     540674     102211          1          0 
    233407     233376     491522     540674     102258          1          0 
    233435     233406     491522     540674     102281          1          0 
    233355     233323     491522     540674     102205          1          0 
    233335     233308     491522     540674     102183          1          0 
    233563     233530     491522     540674     102411          1          0 
    233279     233247     491522     540674     102127          1          0 
    233495     233463     491522     540674     102345          1          0 
    233363     233335     491522     540674     102211          1          0 
    233423     233394     491522     540674     102274          1          0 
    233511     233479     491522     540674     102356          1          0 
    233315     233286     491522     540674     102164          1          0 
    233475     233444     491522     540674     102318          1          0 
    233407     233375     491522     540674     102253          1          0 
    233371     233344     491522     540674     102220          1          0 
    233323     233292     491522     540674     102170          1          0 
    233499     233470     491522     540674     102346          1          0 
    233407     233376     491522     540674     102258          1          0 
    233435     233406     491522     540674     102281          1          0 
    233159     233126     491522     540674     102004          1          0 
    233543     233513     491522     540674     102389          1          0 
    233447     233414     491522     540674     102291          1          0 
    233307     233275     491522     540674     102155          1          0 
    233271     233242     491522     540674     102122          1          0 
    233459     233431     491522     540674     102305          1          0 
    233495     233465     491522     540674     102345          1          0 
    233627     233598     491522     540674     102474          1          0 
    233503     233473     491522     540674     102352          1          0 
    233339     233311     491522     540674     102188          1          0 
    233359     233327     491522     540674     102207          1          0 
    233311     233281     491522     540674     102162          1          0 
    233379     233348     491522     540674     102225          1          0 
    233335     233307     491522     540674     102185          1          0 
    233495     233465     491522     540674     102345          1          0 
    233391     233365     491522     540674     102245          1          0 
    233315     233284     491522     540674     102165          1          0 
    233275     233245     491522     540674     102125          1          0 
    233271     233239     491522     540674     102120          1          0 
    233435     233404     491522     540674     102282          1          0 
    233431     233401     491522     540674     102279          1          0 
    233359     233329     491522     540674     102207          1          0 
    233435     233405     491522     540674     102284          1          0 
    233899     233869     491522     540676     102672          2          0 
    233711     233679     491522     540674     102556          1          0 
    234027     233994     491522     540674     102859          1          0 
    233651     233619     491522     540674     102494          1          0 
    235851     235820     491522     540676     104629          2          0 
    234399     234369     491522     540676     103174          2          0 
    233511     233479     491522     540674     102321          1          0 
    234335     234308     491522     540706     103008          1          0 
    235727     235696     491522     540676     104503          5          0 
    234315     234283     491522     540738     102802          1          0 
    236755     236727     491522     540770     105070          1          0 
    247283     237290     491523     540972     104818          9          0 
    235163     235130     491522     540674     104009          2          0 
    237407     237373     491522     540708     106002          3          0 
    234339     234305     491522     540706     103012          3          0 
    236147     236117     491522     540678     104848          9          0 
    234135     234104     491522     540706     102771          3          0 
    234295     234264     491522     540674     103146          2          0 
    234547     234518     491522     540706     103207          1          0 
    234507     234476     491522     540706     103169          1          0 
    240623     240595     491522     540930     106616          4          3 
    245459     245429     491522     541026     112069          6          0 
    241991     241960     491522     541028     108789          5          0 
    252315     253295     491522     541062     117876          9          2 
    241279     241583     491522     540994     106767          2          1 
    245587     245830     491522     540802     113498          5          0 
    235943     236160     491522     540770     104251          2          0 
    238411     238844     491522     540738     106067          3          1 
    241319     241290     491522     540706     109665          1          0 
    238707     238677     491522     540676     106930          2          0 
    244599     244567     491522     540706     112769          3          1 
    238019     237985     491522     540738     106506          3          0 
    248927     248895     491522     540738     116591          4          0 
    235439     235410     491522     540706     103861          2          0 
    236215     236184     491522     540706     104652          2          0 
    236647     236616     491522     540674     105346          2          0 
    235711     235681     491522     540674     104397          1          0 
    235267     235233     491522     540674     104111          2          0 
    238551     238522     491522     540708     105867          3          0 
    240527     240495     491522     540674     109373          1          0 
    238039     238587     491522     540674     106888          2          0 
    239515     240058     491522     540706     107751          2          1 
    239951     240257     491522     540674     108791          2          0 
    237111     237329     491522     540706     105561          3          0 
    235167     235583     491522     540674     104010          2          0 
    236567     238387     491522     540674     105417          2          0 
    236343     237111     491522     540706     104406          3          0 
    236523     238206     491522     540674     105373          3          0 
    239271     239779     491522     540674     108124          2          0 
    239647     240726     491522     540676     108423          3          0 
    243179     244252     491522     540738     110024          2          0 
    233727     233695     491522     540674     102576          1          0 
