
     Clock   Core cyc   Instruct       Uops   res.stl.   L1D Miss   CodeMiss 
   1120777     432476     491778     611106     128937        285          2 
    233791     233865     491522     540706     102486          7          0 
    233927     234088     491522     540770     102448          1          0 
    233743     233733     491522     540706     102433          1          0 
    233519     233512     491522     540706     102215          1          0 
    234343     234338     491522     540834     102323          1          0 
    268783     235276     491523     540874     102740          6          3 
    233515     233511     491522     540674     102386          1          0 
    233651     233645     491522     540706     102341          1          0 
    233315     233307     491522     540674     102190          1          0 
    233631     233624     491522     540674     102504          1          0 
    233559     233553     491522     540674     102429          1          0 
    233795     233791     491522     540706     102481          1          0 
    235983     235978     491522     540706     104680          1          0 
    233575     233568     491522     540706     102267          1          0 
    233359     233354     491522     540674     102231          1          0 
    233715     233712     491522     540674     102384          1          0 
    233715     233707     491522     540674     102587          1          0 
    233479     233474     491522     540674     102356          1          0 
    233951     233947     491522     540706     102646          1          0 
    233883     233876     491522     540674     102753          1          0 
    234567     234561     491522     540834     102553          1          0 
    233591     233583     491522     540674     102469          1          0 
    234587     234582     491522     540770     102923          1          0 
    233523     233516     491522     540674     102400          1          0 
    234051     234043     491522     540770     102386          1          0 
    235279     235276     491522     540834     102915          1          1 
    234287     234279     491522     540706     102981          1          0 
    233719     233714     491522     540706     102415          1          0 
    234231     234225     491522     540802     102380          1          0 
    234527     234520     491522     540834     102503          1          0 
    233251     233245     491522     540674     102127          1          0 
    234315     234310     491522     540738     102834          1          0 
    234039     234032     491522     540738     102335          1          1 
    233887     233879     491522     540738     102398          1          0 
    234275     234270     491522     540802     102430          1          0 
    235247     235241     491522     540770     103588          1          0 
    233275     233273     491522     540674     102154          1          0 
    235515     235507     491522     540962     102475          1          2 
    233891     233887     491522     540674     102765          1          0 
    233987     233981     491522     540706     102686          0          0 
    233799     233794     491522     540674     102555          0          0 
    233803     233796     491522     540706     102496          0          0 
    234535     234531     491522     540834     102520          0          0 
    233827     233820     491522     540706     102294          0          0 
    233559     233553     491522     540674     102437          0          0 
    233603     233596     491522     540674     102475          0          0 
    233419     233412     491522     540674     102293          0          0 
    233411     233403     491522     540706     102101          0          0 
    233663     233660     491522     540706     102363          0          0 
    234003     233996     491522     540674     102879          0          0 
    233819     233816     491522     540770     102156          0          0 
    233643     233639     491522     540674     102524          0          0 
    233555     233552     491522     540706     102248          0          0 
    233523     233518     491522     540674     102399          0          0 
    233523     233519     491522     540674     102401          0          0 
    233791     233789     491522     540706     102477          0          0 
    233995     233986     491522     540674     102868          0          0 
    233479     233475     491522     540674     102350          0          0 
    233415     233407     491522     540674     102285          0          0 
    234027     234021     491522     540706     102509          0          1 
    233555     233550     491522     540674     102426          0          0 
    272127     234219     491523     540876     102356          8          3 
    233591     233584     491522     540674     102458          1          0 
    233347     233342     491522     540674     102225          1          0 
    233363     233357     491522     540674     102233          1          0 
    233399     233392     491522     540674     102267          1          0 
    233547     233543     491522     540674     102423          1          0 
    233447     233440     491522     540674     102321          1          0 
    233523     233518     491522     540674     102399          1          0 
    233395     233386     491522     540674     102270          1          0 
    233431     233427     491522     540674     102303          1          0 
    233375     233369     491522     540674     102246          1          0 
    233503     233498     491522     540674     102377          1          0 
    233467     233463     491522     540674     102342          1          0 
    233491     233484     491522     540674     102358          1          0 
    233407     233401     491522     540674     102280          1          0 
    233431     233423     491522     540674     102302          1          0 
    233327     233322     491522     540674     102200          1          0 
    233367     233365     491522     540674     102245          1          0 
    233247     233241     491522     540674     102121          1          0 
    233639     233632     491522     540674     102510          1          0 
    233319     233312     491522     540674     102188          1          0 
    233419     233412     491522     540674     102290          1          0 
    233519     233511     491522     540674     102395          1          0 
    233427     233424     491522     540674     102300          1          0 
    233399     233393     491522     540674     102274          1          0 
    233339     233333     491522     540674     102210          1          0 
    233463     233456     491522     540674     102341          1          0 
    233455     233451     491522     540674     102328          1          0 
    233631     233627     491522     540674     102505          1          0 
    233539     233533     491522     540674     102410          1          0 
    233519     233511     491522     540674     102395          1          0 
    233355     233350     491522     540674     102227          1          0 
    233499     233492     491522     540674     102373          1          0 
    233347     233344     491522     540674     102219          1          0 
    233519     233511     491522     540674     102395          1          0 
    233495     233490     491522     540674     102366          1          0 
    233375     233369     491522     540674     102246          1          0 
    233207     233204     491522     540674     102084          1          0 
    233291     233281     491522     540674     102162          1          0 
    233471     233468     491522     540674     102347          1          0 
    233487     233482     491522     540674     102362          1          0 
    233355     233351     491522     540674     102228          1          0 
    233187     233181     491522     540674     102061          1          0 
    233471     233468     491522     540674     102347          1          0 
    233487     233482     491522     540674     102362          1          0 
    233419     233412     491522     540674     102290          1          0 
    233463     233455     491522     540674     102330          1          0 
    233467     233465     491522     540674     102343          1          0 
    233531     233525     491522     540674     102404          1          0 
    233307     233301     491522     540674     102179          1          0 
    233415     233408     491522     540674     102288          1          0 
    233163     233160     491522     540674     102035          1          0 
    233399     233393     491522     540674     102274          1          0 
    233407     233399     491522     540674     102273          1          0 
    233499     233489     491522     540674     102371          1          0 
    233491     233487     491522     540674     102363          1          0 
    242595     234077     491523     540874     102280          5          0 
    233439     233431     491522     540674     102315          1          0 
    233535     233527     491522     540674     102404          1          0 
    233539     233535     491522     540674     102417          1          0 
    233539     233533     491522     540674     102409          1          0 
    233303     233296     491522     540674     102179          1          0 
    233635     233629     491522     540674     102504          1          0 
    233407     233400     491522     540674     102280          1          0 
    233391     233387     491522     540674     102269          1          0 
    233255     233250     491522     540674     102130          1          0 
    233279     233275     491522     540674     102153          1          0 
    233387     233380     491522     540674     102258          1          0 
    233403     233397     491522     540674     102275          1          0 
    233463     233455     491522     540674     102335          1          0 
    233307     233302     491522     540674     102179          1          0 
    233211     233204     491522     540674     102082          1          0 
    233451     233447     491522     540674     102328          1          0 
    233327     233318     491522     540674     102197          1          0 
    233479     233475     491522     540674     102356          1          0 
    233303     233296     491522     540674     102179          1          0 
    233331     233327     491522     540674     102203          1          0 
    233375     233366     491522     540674     102246          1          0 
    233279     233275     491522     540674     102153          1          0 
    233487     233478     491522     540674     102355          1          0 
    233627     233622     491522     540674     102502          1          0 
    233479     233473     491522     540674     102349          1          0 
    233559     233554     491522     540674     102432          1          0 
    233511     233503     491522     540674     102387          1          0 
    233667     233662     491522     540674     102543          1          0 
    233379     233369     491522     540674     102248          1          0 
    233603     233597     491522     540674     102479          1          0 
    233459     233452     491522     540674     102332          1          0 
