
     Clock   Core cyc   Instruct       Uops   res.stl.   L1D Miss   CodeMiss 
   1083962     419268     491778     611076     130177        454          1 
    233167     233211     491522     540674     102039          4          0 
    233339     233333     491522     540674     102216          0          0 
    233459     233457     491522     540674     102334          0          0 
    233347     233341     491522     540674     102222          0          0 
    233419     233413     491522     540674     102288          0          0 
    233275     233266     491522     540674     102150          0          0 
    233455     233453     491522     540674     102332          0          0 
    233435     233426     491522     540674     102310          0          0 
    233287     233280     491522     540674     102161          0          0 
    233279     233270     491522     540674     102153          0          0 
    233315     233311     491522     540674     102187          0          0 
    233563     233553     491522     540674     102431          0          0 
    233275     233269     491522     540674     102145          0          0 
    233363     233359     491522     540674     102242          0          0 
    233275     233267     491522     540674     102143          0          0 
    233375     233368     491522     540674     102250          0          0 
    233367     233363     491522     540674     102240          0          0 
    233411     233404     491522     540674     102284          0          0 
    233375     233369     491522     540674     102243          0          0 
    233407     233401     491522     540674     102280          0          0 
    233391     233388     491522     540674     102264          0          0 
    233383     233376     491522     540674     102260          0          0 
    233471     233466     491522     540674     102344          0          0 
    233443     233437     491522     540674     102322          0          0 
    233447     233440     491522     540674     102316          0          0 
    233247     233242     491522     540674     102123          0          0 
    233347     233340     491522     540674     102218          0          0 
    233175     233168     491522     540674     102048          0          0 
    233243     233239     491522     540674     102117          0          0 
    233327     233322     491522     540674     102203          0          0 
    233579     233574     491522     540674     102451          0          0 
    233371     233364     491522     540674     102243          0          0 
    233391     233388     491522     540674     102264          0          0 
    233347     233340     491522     540674     102218          0          0 
    233151     233149     491522     540674     102028          0          0 
    233455     233448     491522     540674     102331          0          0 
    233275     233269     491522     540674     102145          0          0 
    233275     233269     491522     540674     102149          0          0 
    233375     233369     491522     540674     102243          0          0 
    233375     233368     491522     540674     102250          0          0 
    233451     233445     491522     540674     102325          0          0 
    233279     233273     491522     540674     102156          0          0 
    233375     233369     491522     540674     102243          0          0 
    233343     233334     491522     540674     102215          0          0 
    233259     233253     491522     540674     102132          0          0 
    233323     233315     491522     540674     102192          0          0 
    249659     234497     491523     540874     102312         10          3 
    233395     233392     491522     540674     102268          1          0 
    233479     233469     491522     540674     102352          1          0 
    233403     233400     491522     540674     102282          1          0 
    233551     233545     491522     540674     102426          1          0 
    233239     233235     491522     540674     102117          1          0 
    233603     233596     491522     540674     102479          1          0 
    233191     233186     491522     540674     102066          1          0 
    233483     233476     491522     540674     102356          1          0 
    233195     233191     491522     540674     102066          1          0 
    233331     233325     491522     540674     102203          1          0 
    233523     233517     491522     540674     102392          1          0 
    233539     233529     491522     540674     102406          1          0 
    233443     233438     491522     540674     102318          1          0 
    233367     233360     491522     540674     102243          1          0 
    233467     233464     491522     540674     102343          1          0 
    233451     233444     491522     540674     102323          1          0 
    233239     233235     491522     540674     102117          1          0 
    233443     233437     491522     540674     102317          1          0 
    233379     233372     491522     540674     102248          1          0 
    233431     233424     491522     540674     102300          1          0 
    233287     233281     491522     540674     102157          1          0 
    233283     233276     491522     540674     102157          1          0 
    233315     233311     491522     540674     102187          1          0 
    233319     233312     491522     540674     102190          1          0 
    233255     233249     491522     540674     102129          1          0 
    233579     233574     491522     540674     102456          1          0 
    233551     233547     491522     540674     102427          1          0 
    233619     233615     491522     540674     102493          1          0 
    233547     233541     491522     540674     102422          1          0 
    234859     234849     491522     540770     103183          1          0 
    233927     233923     491522     540738     102438          1          0 
    233779     233772     491522     540674     102650          1          0 
    233727     233722     491522     540674     102600          1          0 
    233907     233898     491522     540674     102780          1          0 
    233347     233341     491522     540674     102218          1          0 
    235035     235026     491522     540674     103901          1          0 
    233295     233287     491522     540674     102164          1          0 
    233667     233660     491522     540674     102544          1          0 
    234047     234043     491522     540674     102923          1          0 
    235235     235230     491522     540676     104003          2          0 
    234451     234447     491522     540770     102792          1          0 
    235955     235950     491522     540868     103669          1          0 
    234243     234237     491522     540772     102506          1          0 
    235619     235612     491522     540804     103698          2          0 
    238707     238700     491522     541124     105007          1          0 
    239007     238997     491522     541186     104932          2          0 
    238007     238000     491522     540962     105263          1          0 
    238787     238782     491522     540962     105873          0          1 
    237531     237523     491522     541090     103766          0          1 
    237063     237481     491522     540930     104683          1          0 
    236163     236155     491522     541026     102837          1          0 
    242271     242265     491522     541250     107568          3          0 
    237191     237183     491522     540834     105169          1          0 
    237875     237873     491522     541124     103676          2          3 
    240851     240845     491522     541060     107176          3          1 
    253007     236817     491523     540938     104218          6          0 
    236415     236406     491522     540770     104753          2          0 
    233963     233957     491522     540706     102648          1          0 
    235695     235689     491522     540706     104387          1          0 
    233923     233918     491522     540706     102610          1          0 
    234215     234210     491522     540708     102821          2          0 
    234215     234600     491522     540738     102713          2          0 
    234571     234567     491522     540706     102849          1          2 
    237875     237868     491522     540898     104635          2          2 
    238051     238046     491522     540740     106493          2          0 
    235995     235988     491522     540834     103980          1          0 
    235631     235624     491522     540962     102684          1          0 
    237543     237540     491522     540836     105445          2          0 
    238467     238460     491522     540962     105539          2          1 
    235127     235123     491522     540898     102758          1          0 
    234443     234439     491522     540802     102608          1          0 
    234975     234966     491522     540802     102478          1          3 
    234063     234324     491522     540706     102489          2          0 
    235091     235415     491522     540898     102711          3          0 
    235507     235500     491522     540834     103345          1          0 
    235007     235002     491522     540866     102816          1          0 
    235739     235735     491522     540898     103313          2          0 
    236075     236069     491522     540900     103614          3          0 
    236195     236193     491522     540898     103801          3          0 
    234215     234209     491522     540770     102408          1          0 
    236999     236995     491522     540930     104401          1          0 
    238219     238575     491522     540898     105807          2          0 
    238275     238267     491522     541058     104665          1          0 
    235899     235895     491522     541026     102807          1          0 
    238995     238989     491522     541250     104610          1          0 
    238719     238715     491522     541060     104576          3          4 
    234659     234655     491522     540770     102999          1          0 
    233791     233787     491522     540674     102670          1          0 
    233575     233571     491522     540674     102451          1          0 
    234671     234663     491522     540674     103545          3          0 
    233311     233303     491522     540674     102183          1          0 
    233815     233809     491522     540674     102688          1          0 
    233383     233379     491522     540674     102260          1          0 
    233851     233845     491522     540674     102730          1          0 
    233547     233540     491522     540674     102417          1          0 
    235287     235278     491522     540674     104160          2          0 
    233795     233789     491522     540674     102475          1          0 
    233859     233854     491522     540706     102332          1          2 
    233627     233618     491522     540674     102494          1          0 
    234415     234409     491522     540738     102684          1          2 
    233455     233447     491522     540674     102322          1          0 
    233975     233968     491522     540738     102256          1          0 
