
     Clock   Core cyc   Instruct       Uops   res.stl.   L1D Miss   CodeMiss 
   1123949     430872     491778     611076     128930        357          3 
    233467     233467     491522     540674     102330          3          0 
    233463     233433     491522     540674     102327          0          0 
    233543     233513     491522     540674     102398          0          0 
    233623     233592     491522     540674     102483          0          0 
    233403     233375     491522     540674     102266          0          0 
    233699     233666     491522     540674     102560          0          0 
    233527     233497     491522     540674     102388          0          0 
    233451     233417     491522     540674     102309          0          0 
    233539     233509     491522     540674     102400          0          0 
    233487     233457     491522     540674     102352          0          0 
    233391     233362     491522     540674     102254          0          0 
    233447     233417     491522     540674     102309          0          0 
    233515     233484     491522     540674     102375          0          0 
    233455     233424     491522     540674     102318          0          0 
    233291     233264     491522     540674     102152          0          0 
    233547     233516     491522     540674     102407          0          0 
    233459     233430     491522     540674     102319          0          0 
    233503     233474     491522     540674     102370          0          0 
    233531     233501     491522     540674     102390          0          0 
    233327     233296     491522     540674     102190          0          0 
    233371     233341     491522     540674     102230          0          0 
    233507     233474     491522     540674     102370          0          0 
    266643     234819     491523     540874     102596         13          3 
    233535     233505     491522     540674     102388          1          0 
    233519     233489     491522     540674     102366          1          0 
    233503     233471     491522     540674     102354          1          0 
    233551     233524     491522     540674     102404          1          0 
    233439     233407     491522     540674     102286          1          0 
    233535     233506     491522     540674     102386          1          0 
    233439     233408     491522     540674     102290          1          0 
    233419     233390     491522     540674     102267          1          0 
    233483     233452     491522     540674     102335          1          0 
    233415     233388     491522     540674     102267          1          0 
    233563     233532     491522     540674     102410          1          0 
    233687     233656     491522     540674     102537          1          0 
    233539     233508     491522     540674     102388          1          0 
    233535     233506     491522     540674     102386          1          0 
    233487     233455     491522     540674     102335          1          0 
    233447     233418     491522     540674     102300          1          0 
    233539     233508     491522     540674     102388          0          0 
    233399     233370     491522     540674     102244          0          0 
    233407     233374     491522     540674     102254          0          0 
    233639     233608     491522     540674     102485          0          0 
    233443     233415     491522     540674     102291          0          0 
    233523     233492     491522     540674     102372          0          0 
    233599     233569     491522     540674     102447          0          0 
    233675     233648     491522     540674     102528          0          0 
    233587     233554     491522     540674     102436          0          0 
    233391     233364     491522     540674     102239          0          0 
    233599     233569     491522     540674     102447          0          0 
    233675     233648     491522     540674     102528          0          0 
    233475     233442     491522     540674     102323          0          0 
    233439     233412     491522     540674     102290          0          0 
    233431     233399     491522     540674     102283          0          0 
    233427     233399     491522     540674     102275          0          0 
    233407     233376     491522     540674     102257          0          0 
    233439     233411     491522     540674     102286          0          0 
    233375     233345     491522     540674     102223          0          0 
    233531     233504     491522     540674     102379          0          0 
    233643     233613     491522     540674     102495          0          0 
    233563     233534     491522     540674     102411          0          0 
    233559     233528     491522     540674     102405          0          0 
    233479     233452     491522     540674     102327          0          0 
    233319     233290     491522     540674     102170          0          0 
    233483     233454     491522     540674     102333          0          0 
    233471     233440     491522     540674     102318          0          0 
    233591     233563     491522     540674     102438          0          0 
    233475     233445     491522     540674     102326          0          0 
    233439     233411     491522     540674     102286          0          0 
    233431     233399     491522     540674     102278          0          0 
    233475     233446     491522     540674     102325          0          0 
    233583     233552     491522     540674     102428          0          0 
    233311     233284     491522     540674     102162          0          0 
    233431     233399     491522     540674     102278          0          0 
    233647     233619     491522     540674     102496          0          0 
    233651     233619     491522     540674     102500          0          0 
    233399     233370     491522     540674     102244          0          0 
    233663     233632     491522     540674     102513          0          0 
    243611     234149     491523     540874     102350          4          2 
    233535     233508     491522     540674     102390          1          0 
    233359     233326     491522     540674     102207          1          0 
    233631     233601     491522     540674     102481          1          0 
    233511     233482     491522     540674     102364          1          0 
    233327     233300     491522     540674     102180          1          0 
    233663     233631     491522     540674     102512          1          0 
    233515     233487     491522     540674     102368          1          0 
    233571     233538     491522     540674     102421          1          0 
    233567     233536     491522     540674     102410          1          0 
    233515     233484     491522     540674     102361          1          0 
    233451     233424     491522     540674     102301          1          0 
    233515     233482     491522     540674     102364          1          0 
    233331     233300     491522     540674     102180          1          0 
    233595     233565     491522     540674     102449          1          0 
    233507     233479     491522     540674     102357          1          0 
    233507     233475     491522     540674     102353          1          0 
    233543     233517     491522     540674     102396          1          0 
    233547     233515     491522     540674     102398          1          0 
    233587     233561     491522     540674     102438          1          0 
    233467     233436     491522     540674     102317          1          0 
    233447     233416     491522     540674     102295          1          0 
    233471     233440     491522     540674     102321          1          0 
    233499     233472     491522     540674     102347          1          0 
    233403     233370     491522     540674     102246          1          0 
    233483     233456     491522     540674     102339          1          0 
    233547     233517     491522     540674     102398          1          0 
    233575     233549     491522     540674     102427          1          0 
    233635     233602     491522     540674     102482          1          0 
    233835     233808     491522     540674     102687          1          0 
    233483     233454     491522     540674     102332          1          0 
    233831     233802     491522     540674     102678          1          0 
    233835     233802     491522     540674     102685          1          0 
    234571     234545     491522     540674     103421          1          0 
    234027     233995     491522     540674     102874          1          0 
    233683     233653     491522     540674     102529          1          0 
    233459     233427     491522     540674     102307          1          0 
    234135     234103     491522     540706     102805          1          0 
    233547     233520     491522     540674     102401          1          0 
    233827     233795     491522     540706     102477          1          0 
    233479     233450     491522     540674     102325          1          0 
    234055     234023     491522     540674     102900          1          0 
    233315     233287     491522     540674     102162          1          0 
    234431     234401     491522     540674     103279          1          0 
    233955     233927     491522     540674     102806          1          0 
    234515     234485     491522     540706     103183          1          0 
    233591     233558     491522     540674     102438          1          0 
    234339     234309     491522     540706     102772          1          1 
    233411     233383     491522     540674     102264          1          0 
    234271     234241     491522     540674     103121          1          0 
    236379     236346     491522     540706     105048          1          0 
    235247     235217     491522     540898     102656          1          1 
    238263     238233     491522     540866     106042          3          0 
    239699     239869     491522     541026     106560          3          0 
    237011     236982     491522     540802     104857          2          0 
    240103     240074     491522     540962     106985          3          0 
    250051     238804     491523     540970     106040          7          0 
    238939     238913     491522     540804     106773          3          0 
    239835     239807     491522     540738     108081          1          2 
    237163     237136     491522     540772     105158          3          2 
    234539     234850     491522     540738     103032          2          0 
    235651     235619     491522     540708     104246          2          0 
    234715     234684     491522     540834     102650          1          0 
    237647     237619     491522     540770     105510          2          3 
    235047     235019     491522     540706     103717          1          0 
    234579     234550     491522     540674     103416          1          0 
    235999     235968     491522     540706     104665          1          0 
    233847     233815     491522     540706     102518          1          0 
    234671     234641     491522     540674     103506          1          0 
    234279     234248     491522     540674     103127          1          0 
    235071     235040     491522     540674     103915          1          0 
