
     Clock   Core cyc   Instruct       Uops   res.stl.   L1D Miss   CodeMiss 
       264        275         27         30          0          0          0 
       114        264         27         30          0          0          0 
       141        264         27         30          0          0          0 
       141        264         27         30          0          0          0 
       141        264         27         30          0          0          0 
       141        264         27         30          0          0          0 
       114        264         27         30          0          0          0 
       114        264         27         30          0          0          0 
       114        268         27         30          0          0          0 
        86       3626         27        344          3          0          0 
        78         57         27         30          0          0          0 
        82         57         27         30          0          0          0 
        78         57         27         30          0          0          0 
        78         57         27         30          0          0          0 
        82         57         27         30          0          0          0 
        82         57         27         30          0          0          0 
        78         57         27         30          0          0          0 
        82         57         27         30          0          0          0 
        78         57         27         30          0          0          0 
        82         57         27         30          0          0          0 
        78         57         27         30          0          0          0 
        78         57         27         30          0          0          0 
        78         57         27         30          0          0          0 
        78         58         27         30          0          0          0 
        82         57         27         30          0          0          0 
        78         58         27         30          0          0          0 
        78         57         27         30          0          0          0 
        78         57         27         30          0          0          0 
        78         57         27         30          0          0          0 
        78         57         27         30          0          0          0 
        82         57         27         30          0          0          0 
        78         57         27         30          0          0          0 
        78         57         27         30          0          0          0 
        78         58         27         30          0          0          0 
        78         58         27         30          0          0          0 
        78         57         27         30          0          0          0 
        78         57         27         30          0          0          0 
        78         57         27         30          0          0          0 
        82         57         27         30          0          0          0 
        82         57         27         30          0          0          0 
        78         57         27         30          0          0          0 
        78         57         27         30          0          0          0 
        78         57         27         30          0          0          0 
        78         57         27         30          0          0          0 
        82         60         27         30          0          0          0 
        78         57         27         30          0          0          0 
        82         58         27         30          0          0          0 
        78         57         27         30          0          0          0 
        78         57         27         30          0          0          0 
        78         57         27         30          0          0          0 
        82         58         27         30          0          0          0 
        78         57         27         30          0          0          0 
        78         58         27         30          0          0          0 
        78         57         27         30          0          0          0 
        82         57         27         30          0          0          0 
        78         57         27         30          0          0          0 
        78         57         27         30          0          0          0 
        82         57         27         30          0          0          0 
        78         57         27         30          0          0          0 
        78         57         27         30          0          0          0 
        78         57         27         30          0          0          0 
        78         57         27         30          0          0          0 
        82         57         27         30          0          0          0 
        82         57         27         30          0          0          0 
        78         57         27         30          0          0          0 
        78         57         27         30          0          0          0 
        78         57         27         30          0          0          0 
        78         57         27         30          0          0          0 
        78         57         27         30          0          0          0 
        78         57         27         30          0          0          0 
        78         57         27         30          0          0          0 
        82         57         27         30          0          0          0 
        78         57         27         30          0          0          0 
        78         57         27         30          0          0          0 
        78         57         27         30          0          0          0 
        78         57         27         30          0          0          0 
        82         57         27         30          0          0          0 
        78         57         27         30          0          0          0 
        78         57         27         30          0          0          0 
        82         57         27         30          0          0          0 
        78         57         27         30          0          0          0 
        78         57         27         30          0          0          0 
        78         57         27         30          0          0          0 
        78         57         27         30          0          0          0 
        78         57         27         30          0          0          0 
        78         57         27         30          0          0          0 
        82         57         27         30          0          0          0 
        78         57         27         30          0          0          0 
        78         58         27         30          0          0          0 
        78         57         27         30          0          0          0 
        78         57         27         30          0          0          0 
        78         57         27         30          0          0          0 
        78         57         27         30          0          0          0 
        78         57         27         30          0          0          0 
        78         57         27         30          0          0          0 
        78         57         27         30          0          0          0 
        82         57         27         30          0          0          0 
        78         57         27         30          0          0          0 
        78         57         27         30          0          0          0 
        82         57         27         30          0          0          0 
        78         57         27         30          0          0          0 
        78         57         27         30          0          0          0 
        78         57         27         30          0          0          0 
        78         58         27         30          0          0          0 
        78         57         27         30          0          0          0 
        78         57         27         30          0          0          0 
        78         57         27         30          0          0          0 
        82         57         27         30          0          0          0 
        78         57         27         30          0          0          0 
        78         57         27         30          0          0          0 
