
     Clock   Core cyc   Instruct       Uops   res.stl.   L1D Miss   CodeMiss 
   1078544     419879     491778     611076     130503        286          2 
    233559     233560     491522     540674     102393          4          0 
    233303     233305     491522     540674     102151          1          0 
    233547     233547     491522     540674     102398          1          0 
    233731     233730     491522     540674     102578          1          0 
    233855     233854     491522     540706     102528          1          0 
    234031     234030     491522     540706     102703          1          0 
    233871     233868     491522     540674     102715          1          0 
    233527     233524     491522     540674     102375          1          0 
    233863     233863     491522     540738     102348          1          0 
    233383     233379     491522     540674     102235          1          0 
    233331     233333     491522     540674     102184          1          0 
    233443     233439     491522     540674     102292          1          0 
    234463     234465     491522     540674     103317          1          0 
    233387     233382     491522     540674     102237          1          0 
    233827     233827     491522     540674     102677          1          0 
    233435     233434     491522     540674     102287          1          0 
    233439     233439     491522     540674     102286          1          0 
    233595     233592     491522     540674     102440          1          0 
    233371     233373     491522     540674     102226          1          0 
    234367     234364     491522     540674     103216          1          0 
    233575     233575     491522     540674     102425          1          0 
    233423     233420     491522     540674     102267          1          0 
    234079     234075     491522     540706     102579          1          1 
    233803     233799     491522     540706     102473          1          0 
    233899     233895     491522     540738     102387          1          0 
    235331     235327     491522     540738     103822          1          0 
    236683     236684     491522     540770     104809          2          0 
    234871     234866     491522     540770     103184          2          0 
    237663     237665     491522     540994     104523          3          1 
    237683     237679     491522     540962     104922          2          0 
    237547     237549     491522     540994     104460          2          0 
    236867     236864     491522     541026     103758          2          0 
    236927     237154     491522     540898     104520          5          0 
    235771     235770     491522     540802     103904          2          0 
    235371     235371     491522     540738     103863          2          0 
    235059     235058     491522     540770     103087          2          0 
    235587     235637     491522     540866     103369          3          0 
    234683     234680     491522     540834     102444          2          1 
    236723     236720     491522     540898     104079          4          0 
    234827     234825     491522     540770     103147          1          0 
    266407     239576     491523     541034     105517          6          3 
    236487     236456     491522     540802     104342          1          1 
    233935     233907     491522     540674     102782          1          0 
    234015     233981     491522     540674     102857          2          0 
    234419     234390     491522     540674     103264          1          0 
    235255     235227     491522     540706     103718          1          1 
    233975     233946     491522     540738     102465          1          0 
    234263     234235     491522     540834     102223          1          0 
    233583     233553     491522     540674     102433          1          0 
    233323     233293     491522     540674     102176          1          0 
    233943     233913     491522     540706     102611          1          0 
    233499     233468     491522     540674     102352          1          0 
    233451     233420     491522     540674     102298          1          0 
    233595     233566     491522     540706     102266          1          0 
    234167     234135     491522     540772     102409          2          0 
    233695     233662     491522     540706     102365          1          0 
    234019     233991     491522     540770     102327          1          0 
    235343     235311     491522     540738     103833          1          0 
    234955     234927     491522     540738     103442          1          0 
    237707     237677     491522     540834     105345          1          0 
    233391     233359     491522     540674     102240          1          0 
    233843     233814     491522     540706     102346          1          1 
    234655     234628     491522     540802     102781          1          0 
    233887     234055     491522     540738     102383          2          0 
    233787     233759     491522     540738     102275          1          0 
    233271     233239     491522     540674     102123          1          0 
    233931     233903     491522     540706     102591          1          0 
    233395     233363     491522     540706     102068          1          0 
    233647     233619     491522     540674     102496          1          0 
    234411     234381     491522     540802     102340          1          1 
    234063     234032     491522     540770     102375          1          0 
    233899     233871     491522     540738     102392          1          0 
    235735     235704     491522     540866     103311          1          0 
    233659     233631     491522     540674     102510          1          0 
    233583     233552     491522     540706     102253          1          0 
    234059     234032     491522     540738     102555          1          0 
    234755     234723     491522     540802     102879          1          0 
    233655     233623     491522     540706     102319          1          0 
    233543     233516     491522     540674     102395          1          0 
    241271     241237     491522     540706     109938          1          0 
    233715     233682     491522     540706     102385          1          0 
    233783     233753     491522     540674     102631          1          0 
    233503     233475     491522     540706     102171          1          0 
    233563     233535     491522     540706     102230          1          0 
    233363     233330     491522     540674     102209          1          0 
    233395     233366     491522     540674     102243          1          0 
    233651     233621     491522     540674     102500          1          0 
    233699     233671     491522     540674     102556          1          0 
    233627     233595     491522     540706     102297          1          0 
    234603     234572     491522     540674     103451          1          0 
    233195     233166     491522     540674     102044          1          0 
    233483     233449     491522     540674     102332          1          0 
    234179     234148     491522     540674     103021          1          0 
    233939     233909     491522     540674     102791          1          0 
    233467     233438     491522     540674     102315          1          0 
    233407     233376     491522     540674     102259          1          0 
    255063     235473     491523     540970     102923          6          2 
    235703     235677     491522     540674     104555          1          0 
    233547     233517     491522     540706     102219          1          0 
    233643     233617     491522     540674     102494          1          0 
    233855     233822     491522     540674     102705          1          0 
    233731     233702     491522     540674     102584          1          0 
    234419     234388     491522     540706     102786          1          0 
    233695     233666     491522     540706     102370          1          0 
    234063     234031     491522     540738     102383          1          0 
    233507     233476     491522     540674     102338          1          0 
    233631     233601     491522     540706     102305          1          0 
    234355     234324     491522     540674     103197          1          0 
    233659     233629     491522     540706     102329          1          0 
    235403     235374     491522     540738     103896          1          0 
    234403     234373     491522     540802     102373          2          0 
    234003     233972     491522     540738     102488          1          0 
    233515     233486     491522     540674     102361          1          0 
    234247     234216     491522     540706     102917          1          0 
    233443     233416     491522     540674     102293          1          0 
    233487     233456     491522     540674     102338          1          0 
    233491     233461     491522     540706     102150          1          0 
    233755     233726     491522     540706     102423          1          0 
    233451     233421     491522     540674     102304          1          0 
    233503     233472     491522     540706     102174          1          0 
    233571     233541     491522     540674     102419          1          0 
    233855     233822     491522     540706     102518          1          0 
    233475     233447     491522     540674     102322          1          0 
    233567     233534     491522     540706     102230          1          0 
    233623     233592     491522     540706     102294          1          0 
    233371     233342     491522     540674     102221          1          0 
    233407     233378     491522     540674     102258          1          0 
    233411     233382     491522     540674     102259          1          0 
    233319     233288     491522     540674     102170          1          0 
    233595     233565     491522     540674     102440          1          0 
    233287     233255     491522     540674     102136          1          0 
    233387     233358     491522     540674     102233          1          0 
    233407     233377     491522     540674     102255          1          0 
    233435     233407     491522     540674     102280          1          0 
    233491     233460     491522     540674     102338          1          0 
    233459     233430     491522     540674     102311          1          0 
    233479     233449     491522     540674     102331          1          0 
    233595     233565     491522     540674     102440          1          0 
    233419     233390     491522     540674     102270          1          0 
    233391     233360     491522     540674     102233          1          0 
    233535     233506     491522     540674     102389          1          0 
    233451     233422     491522     540674     102302          1          0 
    233419     233390     491522     540674     102267          1          0 
    233439     233408     491522     540674     102287          1          0 
    233383     233353     491522     540674     102231          1          0 
    233543     233516     491522     540674     102393          1          0 
    233423     233390     491522     540674     102267          1          0 
    233435     233408     491522     540674     102287          1          0 
    233427     233395     491522     540674     102276          1          0 
