
     Clock   Core cyc   Instruct       Uops   res.stl.   L1D Miss   CodeMiss 
   1132076     431697     491778     611074     130004        313          4 
    233832     233911     491522     540674     102712          5          0 
    233636     233673     491522     540674     102511          2          0 
    233732     233771     491522     540706     102439          2          0 
    234312     234350     491522     540738     102881          2          0 
    235036     235119     491522     540738     103557          3          0 
    237500     237542     491522     540706     106204          4          0 
    233788     233828     491522     540674     102667          2          0 
    233688     233728     491522     540674     102566          2          0 
    233612     233652     491522     540706     102314          2          0 
    234472     234511     491522     540770     102601          3          1 
    233620     233658     491522     540674     102498          2          0 
    233712     233753     491522     540706     102412          2          0 
    234144     234183     491522     540770     102484          2          0 
    234204     234244     491522     540706     102910          2          0 
    234000     234041     491522     540706     102706          3          0 
    233748     233789     491522     540738     102259          2          0 
    234316     234355     491522     540802     102478          2          0 
    233860     233901     491522     540706     102553          3          0 
    233848     233890     491522     540738     102369          3          0 
    238596     238648     491522     540834     106586          2          0 
    235440     235481     491522     540834     103411          2          0 
    235436     235476     491522     540770     103774          2          0 
    234392     234432     491522     540770     102728          2          0 
    233940     233981     491522     540674     102818          1          0 
    234604     234652     491522     540706     103303          2          0 
    235276     235316     491522     540674     104152          3          0 
    256520     235085     491523     540874     102493          9          3 
    233396     233438     491522     540674     102282          2          0 
    233624     233666     491522     540674     102504          2          0 
    233512     233553     491522     540706     102212          2          0 
    233576     233625     491522     540674     102460          2          0 
    233620     233661     491522     540674     102502          2          0 
    233804     233844     491522     540674     102691          2          0 
    233664     233703     491522     540706     102365          2          0 
    234776     234816     491522     540674     103652          2          0 
    233636     233674     491522     540706     102338          2          0 
    233840     233879     491522     540738     102369          2          0 
    233376     233413     491522     540674     102253          2          0 
    233688     233729     491522     540738     102213          2          0 
    233508     233547     491522     540674     102384          1          0 
    233568     233606     491522     540674     102446          1          0 
    233336     233373     491522     540674     102211          1          0 
    233568     233610     491522     540674     102450          1          0 
    233548     233590     491522     540674     102428          1          0 
    233624     233666     491522     540674     102508          1          0 
    233452     233492     491522     540674     102335          1          0 
    233424     233464     491522     540674     102303          1          0 
    233376     233417     491522     540674     102254          1          0 
    233644     233681     491522     540674     102520          1          0 
    233472     233514     491522     540674     102353          1          0 
    233276     233315     491522     540674     102157          1          0 
    233428     233468     491522     540674     102306          1          0 
    233432     233473     491522     540674     102316          1          0 
    233472     233509     491522     540674     102352          1          0 
    233580     233621     491522     540674     102464          1          0 
    233380     233417     491522     540674     102252          1          0 
    233564     233606     491522     540674     102446          1          0 
    233376     233415     491522     540674     102252          1          0 
    233504     233543     491522     540674     102386          1          0 
    233576     233615     491522     540674     102454          1          0 
    233452     233492     491522     540674     102330          1          0 
    233176     233218     491522     540674     102059          1          0 
    233152     233191     491522     540674     102031          1          0 
    233596     233635     491522     540674     102476          1          0 
    233280     233319     491522     540674     102155          1          0 
    233316     233353     491522     540674     102194          1          0 
    233292     233329     491522     540674     102167          1          0 
    233500     233538     491522     540674     102374          1          0 
    233436     233473     491522     540674     102316          1          0 
    233312     233353     491522     540674     102194          1          0 
    233584     233626     491522     540674     102469          1          0 
    233368     233407     491522     540674     102246          1          0 
    233568     233608     491522     540674     102452          1          0 
    233636     233675     491522     540674     102515          1          0 
    233456     233496     491522     540674     102337          1          0 
    233324     233366     491522     540674     102209          1          0 
    233432     233471     491522     540674     102309          1          0 
    233636     233675     491522     540674     102515          1          0 
    233456     233496     491522     540674     102337          1          0 
    233392     233431     491522     540674     102267          1          0 
    233652     233694     491522     540674     102534          1          0 
    233824     233863     491522     540674     102702          1          0 
    265676     234228     491523     540874     102353          6          3 
    233452     233452     491522     540674     102331          1          0 
    233552     233557     491522     540674     102437          1          0 
    233472     233471     491522     540674     102348          1          0 
    233636     233638     491522     540674     102510          1          0 
    233448     233447     491522     540674     102323          1          0 
    233580     233583     491522     540674     102466          1          0 
    233312     233313     491522     540674     102195          1          0 
    233516     233517     491522     540674     102398          1          0 
    233396     233394     491522     540674     102275          1          0 
    233636     233641     491522     540674     102518          1          0 
    233428     233430     491522     540674     102313          1          0 
    233548     233548     491522     540674     102426          1          0 
    233456     233458     491522     540674     102335          1          0 
    233472     233474     491522     540674     102357          1          0 
    233428     233430     491522     540674     102313          1          0 
    233380     233383     491522     540674     102258          1          0 
    233540     233540     491522     540674     102418          1          0 
    233540     233539     491522     540674     102419          1          0 
    233340     233337     491522     540674     102214          1          0 
    233580     233580     491522     540674     102456          1          0 
    233424     233425     491522     540674     102303          1          0 
    233560     233562     491522     540674     102438          1          0 
    233412     233413     491522     540674     102291          1          0 
    233592     233594     491522     540674     102470          1          0 
    233540     233543     491522     540674     102420          1          0 
    233536     233537     491522     540674     102413          1          0 
    233416     233417     491522     540674     102300          1          0 
    233364     233367     491522     540674     102247          1          0 
    233576     233574     491522     540674     102452          1          0 
    233532     233534     491522     540674     102408          1          0 
    233632     233630     491522     540674     102515          1          0 
    233428     233430     491522     540674     102306          1          0 
    233416     233415     491522     540674     102297          1          0 
    233468     233469     491522     540674     102346          1          0 
    233604     233606     491522     540674     102488          1          0 
    233368     233368     491522     540674     102244          1          0 
    233336     233333     491522     540674     102212          1          0 
    233512     233513     491522     540674     102394          1          0 
    233772     233771     491522     540674     102656          1          0 
    233480     233482     491522     540674     102358          1          0 
    233392     233390     491522     540674     102270          1          0 
    233472     233473     491522     540674     102347          1          0 
    233512     233511     491522     540674     102393          1          0 
    233576     233577     491522     540674     102459          1          0 
    233612     233611     491522     540674     102488          1          0 
    233392     233394     491522     540674     102270          1          0 
    233428     233430     491522     540674     102313          1          0 
    233428     233433     491522     540674     102306          1          0 
    233612     233611     491522     540674     102488          1          0 
    233416     233418     491522     540674     102299          1          0 
    233532     233535     491522     540674     102413          1          0 
    233444     233448     491522     540674     102324          1          0 
    233572     233574     491522     540674     102452          1          0 
    233508     233510     491522     540674     102384          1          0 
    233540     233540     491522     540674     102416          1          0 
    242148     234212     491523     540874     102411          5          0 
    233288     233290     491522     540674     102170          1          0 
    233504     233501     491522     540674     102383          1          0 
    233580     233581     491522     540674     102456          1          0 
    233564     233566     491522     540674     102445          1          0 
    233516     233516     491522     540674     102391          1          0 
    233348     233346     491522     540674     102224          1          0 
    233472     233475     491522     540674     102352          1          0 
    233544     233545     491522     540674     102424          1          0 
    233448     233451     491522     540674     102329          1          0 
    233812     233811     491522     540674     102690          1          0 
