
     Clock   Core cyc   Instruct       Uops   res.stl.   L1D Miss   CodeMiss 
   1124104     432939     491778     611074     129732        282          4 
    234003     234026     491522     540674     102851          3          0 
    234759     234729     491522     540802     102695          1          1 
    233819     233791     491522     540674     102666          1          0 
    234015     233986     491522     540706     102684          1          0 
    234227     234201     491522     540738     102724          1          0 
    234195     234169     491522     540738     102687          1          0 
    233923     233893     491522     540706     102595          1          0 
    233523     233493     491522     540674     102367          1          0 
    234487     234454     491522     540738     102975          1          0 
    234087     234055     491522     540706     102753          1          0 
    234071     234043     491522     540738     102559          1          0 
    234615     234581     491522     540738     103107          1          0 
    234663     234631     491522     540738     103154          1          0 
    234679     234650     491522     540706     103337          1          0 
    234571     234541     491522     540706     103240          1          0 
    234331     234298     491522     540738     102819          2          0 
    234047     234021     491522     540674     102901          1          0 
    234371     234337     491522     540738     102845          1          0 
    233763     233732     491522     540706     102433          1          0 
    234407     234377     491522     540770     102493          1          0 
    233559     233528     491522     540674     102408          1          0 
    233859     233826     491522     540706     102525          1          0 
    233751     233725     491522     540674     102605          1          0 
    234223     234191     491522     540674     103071          1          0 
    234015     233985     491522     540674     102860          1          0 
    233983     233951     491522     540674     102834          1          0 
    233699     233668     491522     540674     102543          1          0 
    233871     233840     491522     540674     102720          1          0 
    233611     233584     491522     540674     102462          1          0 
    233647     233616     491522     540674     102497          1          0 
    233883     233853     491522     540674     102736          1          0 
    233923     233892     491522     540674     102777          2          0 
    234479     234446     491522     540706     103013          1          0 
    233811     233782     491522     540674     102662          1          0 
    234311     234279     491522     540674     103158          1          0 
    234211     234179     491522     540706     102658          1          0 
    233571     233545     491522     540674     102418          1          0 
    233739     233707     491522     540674     102585          2          0 
    265871     234413     491523     540874     102521          7          3 
    233783     233752     491522     540674     102630          1          0 
    233459     233431     491522     540674     102305          1          0 
    233739     233706     491522     540674     102585          1          0 
    233727     233699     491522     540674     102574          1          0 
    233831     233801     491522     540674     102684          1          0 
    233787     233758     491522     540674     102641          1          0 
    233763     233733     491522     540674     102616          1          0 
    233543     233515     491522     540674     102393          1          0 
    233903     233873     491522     540674     102752          1          0 
    233799     233771     491522     540674     102653          1          0 
    233799     233768     491522     540674     102648          1          0 
    233747     233721     491522     540674     102602          1          0 
    233827     233798     491522     540674     102677          1          0 
    233787     233758     491522     540674     102637          1          0 
    233851     233822     491522     540674     102705          1          0 
    233551     233525     491522     540674     102401          1          0 
    233707     233674     491522     540674     102557          1          0 
    233827     233800     491522     540674     102678          1          0 
    233799     233768     491522     540674     102648          1          0 
    233551     233525     491522     540674     102401          1          0 
    233643     233611     491522     540674     102497          1          0 
    233991     233963     491522     540674     102839          1          0 
    233843     233809     491522     540674     102692          1          0 
    233843     233814     491522     540674     102690          1          0 
    233655     233626     491522     540674     102503          1          0 
    233667     233639     491522     540674     102515          1          0 
    233575     233543     491522     540674     102424          1          0 
    233867     233837     491522     540674     102717          1          0 
    233935     233904     491522     540674     102787          1          0 
    233827     233800     491522     540674     102678          1          0 
    233747     233716     491522     540674     102596          1          0 
    233815     233783     491522     540674     102663          1          0 
    233619     233586     491522     540674     102468          1          0 
    233767     233740     491522     540674     102616          1          0 
    233771     233739     491522     540674     102622          1          0 
    233699     233671     491522     540674     102544          1          0 
    233679     233649     491522     540674     102530          1          0 
    233647     233620     491522     540674     102494          1          0 
    233655     233624     491522     540674     102503          1          0 
    233659     233627     491522     540674     102508          1          0 
    233807     233773     491522     540674     102652          1          0 
    233863     233832     491522     540674     102708          1          0 
    233811     233779     491522     540674     102659          1          0 
    233579     233551     491522     540674     102432          1          0 
    233775     233745     491522     540674     102628          1          0 
    233827     233796     491522     540674     102671          1          0 
    233811     233780     491522     540674     102656          1          0 
    233743     233712     491522     540674     102585          1          0 
    233619     233588     491522     540674     102466          1          0 
    233871     233845     491522     540674     102719          1          0 
    233579     233546     491522     540674     102425          1          0 
    233619     233589     491522     540674     102466          1          0 
    233831     233801     491522     540674     102684          1          0 
    233667     233639     491522     540674     102515          1          0 
    233799     233767     491522     540674     102644          1          0 
    274303     234490     491523     540876     102648          6          2 
    233519     233487     491522     540674     102371          1          0 
    233735     233705     491522     540674     102580          1          0 
    233671     233638     491522     540674     102520          1          0 
    233675     233643     491522     540674     102523          1          0 
    233771     233738     491522     540674     102623          1          0 
    233783     233753     491522     540674     102632          1          0 
    233691     233662     491522     540674     102542          1          0 
    233579     233550     491522     540674     102428          1          0 
    233735     233704     491522     540674     102585          1          0 
    233903     233876     491522     540674     102755          1          0 
    233927     233896     491522     540674     102776          1          0 
    233691     233663     491522     540674     102544          1          0 
    233679     233648     491522     540674     102531          1          0 
    233639     233612     491522     540674     102486          1          0 
    233731     233699     491522     540674     102577          1          0 
    233791     233761     491522     540674     102637          1          0 
    233907     233878     491522     540674     102760          1          0 
    233671     233640     491522     540674     102515          1          0 
    233883     233849     491522     540674     102732          1          0 
    233987     233959     491522     540674     102839          1          0 
    233907     233878     491522     540674     102760          1          0 
    233899     233869     491522     540674     102748          1          0 
    233767     233737     491522     540674     102621          1          0 
    233699     233669     491522     540674     102544          1          0 
    233767     233739     491522     540674     102616          1          0 
    233711     233682     491522     540674     102559          1          0 
    233731     233699     491522     540674     102581          1          0 
    233683     233655     491522     540674     102535          1          0 
    233899     233870     491522     540674     102753          1          0 
    233675     233644     491522     540674     102523          1          0 
    233767     233737     491522     540674     102621          1          0 
    233707     233680     491522     540674     102558          1          0 
    233787     233754     491522     540674     102635          1          0 
    233719     233691     491522     540674     102569          1          0 
    233767     233737     491522     540674     102621          1          0 
    233699     233669     491522     540674     102544          1          0 
    233611     233582     491522     540674     102465          1          0 
    233727     233696     491522     540674     102579          1          0 
    233591     233560     491522     540674     102437          1          0 
    233731     233702     491522     540674     102579          1          0 
    233827     233798     491522     540674     102680          1          0 
    233811     233783     491522     540674     102658          1          0 
    233591     233560     491522     540674     102437          1          0 
    233807     233778     491522     540674     102656          1          0 
    233735     233704     491522     540674     102586          1          0 
    233811     233783     491522     540674     102658          1          0 
    233639     233609     491522     540674     102488          1          0 
    233651     233620     491522     540674     102501          1          0 
    233691     233659     491522     540674     102538          1          0 
    233863     233833     491522     540674     102710          1          0 
    233607     233577     491522     540674     102455          1          0 
    233775     233747     491522     540674     102623          1          0 
    234039     234009     491522     540706     102713          1          0 
    233963     233935     491522     540674     102814          1          0 
