
     Clock   Core cyc   Instruct       Uops   res.stl.   L1D Miss   CodeMiss 
   1125844     431128     491778     611077     129539        301          3 
    234580     234603     491522     540802     102527          4          1 
    233576     233575     491522     540674     102453          1          0 
    234620     234622     491522     540802     102746          1          0 
    233616     233616     491522     540674     102497          1          0 
    233496     233498     491522     540674     102375          1          0 
    233696     233696     491522     540674     102572          1          0 
    233572     233574     491522     540674     102453          1          0 
    233644     233645     491522     540674     102523          1          0 
    233540     233543     491522     540674     102417          1          0 
    233752     233750     491522     540674     102627          1          0 
    233596     233599     491522     540674     102475          1          0 
    233596     233596     491522     540674     102474          1          0 
    233788     233791     491522     540674     102666          1          0 
    233440     233439     491522     540674     102318          1          0 
    233544     233547     491522     540674     102426          1          0 
    233404     233405     491522     540674     102286          1          0 
    233652     233655     491522     540674     102534          1          0 
    233524     233521     491522     540674     102402          1          0 
    233564     233568     491522     540674     102445          1          0 
    233580     233578     491522     540674     102461          1          0 
    233544     233545     491522     540674     102425          1          0 
    233388     233387     491522     540674     102265          1          0 
    233636     233638     491522     540674     102518          1          0 
    233332     233329     491522     540674     102213          0          0 
    233504     233504     491522     540674     102384          0          0 
    233612     233612     491522     540674     102490          0          0 
    233544     233549     491522     540674     102427          0          0 
    233440     233441     491522     540674     102323          0          0 
    233536     233538     491522     540674     102414          0          0 
    233488     233487     491522     540674     102372          0          0 
    233480     233482     491522     540674     102362          0          0 
    233760     233759     491522     540674     102643          0          0 
    233488     233493     491522     540674     102370          0          0 
    233596     233595     491522     540674     102479          0          0 
    253928     235052     491523     540874     102683          4          3 
    233772     233772     491522     540674     102653          1          0 
    233396     233400     491522     540674     102276          1          0 
    233800     233801     491522     540674     102682          1          0 
    233680     233680     491522     540674     102562          1          0 
    233628     233627     491522     540674     102513          0          0 
    233516     233516     491522     540674     102392          0          0 
    233504     233504     491522     540674     102385          0          0 
    233684     233684     491522     540674     102565          0          0 
    233724     233724     491522     540674     102605          0          0 
    233644     233643     491522     540674     102517          0          0 
    233504     233504     491522     540674     102385          0          0 
    233528     233529     491522     540674     102405          0          0 
    233456     233456     491522     540674     102334          0          0 
    233604     233607     491522     540674     102488          0          0 
    233328     233329     491522     540674     102214          0          0 
    233620     233622     491522     540674     102498          0          0 
    233424     233423     491522     540674     102304          0          0 
    233372     233372     491522     540674     102247          0          0 
    233640     233639     491522     540674     102517          0          0 
    233712     233716     491522     540674     102591          0          0 
    233540     233539     491522     540674     102416          0          0 
    233572     233574     491522     540674     102449          0          0 
    233404     233401     491522     540674     102283          0          0 
    233488     233489     491522     540674     102366          0          0 
    233424     233423     491522     540674     102304          0          0 
    233512     233516     491522     540674     102398          0          0 
    233644     233643     491522     540674     102521          0          0 
    233548     233550     491522     540674     102430          0          0 
    233732     233733     491522     540674     102612          0          0 
    233572     233576     491522     540674     102455          0          0 
    233596     233594     491522     540674     102470          0          0 
    233592     233593     491522     540674     102471          0          0 
    233468     233466     491522     540674     102346          0          0 
    233828     233831     491522     540674     102707          0          0 
    233580     233580     491522     540674     102459          0          0 
    233656     233659     491522     540674     102534          0          0 
    233536     233537     491522     540674     102414          0          0 
    233464     233464     491522     540674     102339          0          0 
    233536     233536     491522     540674     102416          0          0 
    233664     233665     491522     540674     102539          0          0 
    233468     233466     491522     540674     102346          0          0 
    233372     233372     491522     540674     102247          0          0 
    233560     233558     491522     540674     102434          0          0 
    233612     233616     491522     540674     102492          0          0 
    233612     233613     491522     540674     102492          0          0 
    233388     233388     491522     540674     102268          0          0 
    233532     233531     491522     540674     102410          0          0 
    233664     233665     491522     540674     102539          0          0 
    233684     233685     491522     540674     102566          0          0 
    233568     233571     491522     540674     102449          0          0 
    233512     233512     491522     540674     102395          0          0 
    233388     233388     491522     540674     102269          0          0 
    233652     233652     491522     540674     102531          0          0 
    233652     233657     491522     540674     102539          0          0 
    233644     233643     491522     540674     102521          0          0 
    247184     234429     491523     540874     102584          5          2 
    233596     233596     491522     540674     102479          1          0 
    233564     233564     491522     540674     102440          1          0 
    233632     233631     491522     540674     102513          1          0 
    233496     233499     491522     540674     102376          1          0 
    233572     233572     491522     540674     102454          1          0 
    233668     233670     491522     540674     102545          1          0 
    233636     233637     491522     540674     102517          1          0 
    233508     233512     491522     540674     102389          1          0 
    233564     233566     491522     540674     102445          1          0 
    233556     233561     491522     540674     102441          1          0 
    233632     233631     491522     540674     102513          1          0 
    233800     233802     491522     540674     102681          1          0 
    233752     233751     491522     540674     102632          1          0 
    233668     233670     491522     540674     102545          1          0 
    233600     233600     491522     540674     102480          1          0 
    233748     233748     491522     540674     102624          1          0 
    233740     233738     491522     540674     102618          1          0 
    233948     233945     491522     540706     102646          1          0 
    234800     234802     491522     540770     103140          2          0 
    236344     236345     491522     540738     104608          2          0 
    235484     235484     491522     540770     103826          1          0 
    235548     235551     491522     540898     103177          1          0 
    234280     234282     491522     540706     102761          2          2 
    235856     236086     491522     540804     103946          3          0 
    233644     233647     491522     540706     102347          1          0 
    233540     233543     491522     540674     102425          1          0 
    234308     234308     491522     540738     102815          1          0 
    233656     233660     491522     540674     102542          1          0 
    234688     234692     491522     540770     103032          1          0 
    233884     233883     491522     540674     102759          1          0 
    233696     233695     491522     540674     102569          1          0 
    234788     234793     491522     540706     103494          1          0 
    234016     234016     491522     540674     102893          1          0 
    233952     233955     491522     540674     102820          1          0 
    237176     237178     491522     540706     105879          3          0 
    234860     234860     491522     540706     103546          1          0 
    235736     235736     491522     540834     103717          1          0 
    237320     237321     491522     540964     104372          3          1 
    236324     236323     491522     540866     104138          1          0 
    235360     235362     491522     540898     102991          1          0 
    235484     235489     491522     540900     103069          2          0 
    241192     241611     491522     541124     107451          6          0 
    237464     237468     491522     541058     104197          1          0 
    236184     236184     491522     540930     103616          3          0 
    235564     235565     491522     540930     103012          1          0 
    235092     235095     491522     540802     102980          1          0 
    238352     238354     491522     540898     105535          1          2 
    235488     235490     491522     540994     102551          1          0 
    239712     239711     491522     540996     105798          5          2 
    237768     237766     491522     540866     105560          2          0 
    235076     235078     491522     540770     103415          2          0 
    235608     235609     491522     540866     103181          2          1 
    234540     234544     491522     540770     102882          2          0 
    235652     235654     491522     540772     103889          3          0 
    234412     234411     491522     540706     103117          2          0 
    256524     235066     491523     540906     102820          6          0 
    234476     234475     491522     540706     102993          1          1 
    233920     233922     491522     540674     102803          1          0 
