
     Clock   Core cyc   Instruct       Uops   res.stl.   L1D Miss   CodeMiss 
   1156666     436108     491778     611109     131170        361          3 
    233754     233768     491522     540706     102432          4          0 
    234438     234457     491522     540802     102574          2          0 
    234834     234852     491522     540770     103154          2          0 
    236326     236343     491522     540834     104290          2          0 
    236130     236146     491522     540770     104450          2          0 
    269958     235452     491523     540938     103221          7          3 
    235930     235952     491522     540674     104795          2          0 
    235986     236006     491522     540674     104842          2          0 
    237150     237168     491522     540738     105652          2          0 
    235518     235533     491522     540674     104376          3          0 
    236498     236516     491522     540834     104187          3          0 
    233786     233802     491522     540706     102464          2          0 
    233858     233873     491522     540706     102347          2          1 
    235566     235586     491522     540834     103535          4          0 
    235702     235717     491522     540834     103671          2          0 
    237574     237601     491522     540900     104647          3          3 
    236850     236866     491522     540802     104679          2          1 
    235598     235614     491522     540738     104097          2          0 
    237042     237060     491522     540738     105549          2          0 
    235126     235146     491522     540738     103622          2          0 
    233986     234001     491522     540706     102475          2          0 
    235314     235332     491522     540738     103819          4          0 
    234282     234300     491522     540738     102538          2          0 
    233490     233507     491522     540674     102347          2          0 
    233914     233930     491522     540674     102770          2          0 
    234166     234183     491522     540674     103020          2          0 
    233778     233794     491522     540706     102454          2          0 
    235326     235341     491522     540770     103646          2          0 
    235646     235661     491522     540930     103090          2          0 
    235798     235814     491522     540802     103932          2          0 
    235174     235190     491522     540930     102594          2          0 
    239022     239037     491522     541154     104374          2          4 
    235426     235459     491522     540834     103379          2          0 
    235134     235153     491522     540802     103176          2          0 
    236110     236126     491522     540900     103648          3          0 
    236222     236240     491522     541026     102920          2          1 
    236606     236624     491522     540962     103371          2          2 
    235118     235398     491522     540834     102892          4          0 
    235314     235338     491522     540866     102912          2          0 
    233702     233719     491522     540674     102559          1          0 
    233418     233434     491522     540674     102273          1          0 
    234006     234025     491522     540706     102689          1          0 
    233918     233936     491522     540738     102420          1          0 
    233546     233566     491522     540674     102404          1          0 
    233610     233631     491522     540674     102472          1          0 
    233486     233501     491522     540674     102346          1          0 
    234434     234451     491522     540770     102446          2          1 
    233534     233551     491522     540674     102391          1          0 
    233562     233581     491522     540674     102422          1          0 
    233430     233445     491522     540674     102286          1          0 
    233834     233854     491522     540738     102343          1          0 
    233766     233981     491522     540706     102449          2          0 
    235194     235211     491522     540706     103872          1          0 
    242458     242475     491522     540738     110965          1          0 
    233842     233862     491522     540674     102701          1          0 
    233682     233700     491522     540706     102359          1          0 
    233994     234013     491522     540738     102499          1          0 
    233990     234005     491522     540706     102671          1          0 
    233694     233712     491522     540674     102556          1          0 
    233578     233594     491522     540674     102436          1          0 
    250210     234653     491523     540938     102210          6          0 
    233726     233745     491522     540674     102587          2          0 
    233658     233675     491522     540706     102335          2          0 
    234538     234555     491522     540674     103394          2          0 
    233742     233757     491522     540674     102597          2          0 
    234038     234057     491522     540706     102720          2          0 
    233782     233797     491522     540706     102459          2          0 
    235134     235154     491522     540834     103066          2          0 
    233666     233686     491522     540674     102525          2          0 
    233826     233841     491522     540706     102499          2          0 
    233506     233523     491522     540674     102360          2          0 
    236270     236287     491522     540674     105127          2          0 
    233562     233587     491522     540674     102417          2          0 
    233846     233864     491522     540706     102524          2          0 
    233834     233851     491522     540706     102516          2          0 
    234066     234085     491522     540706     102747          2          0 
    234746     234765     491522     540770     103071          3          0 
    234674     235011     491522     540706     103301          3          0 
    233918     233936     491522     540738     102415          2          0 
    233854     233872     491522     540706     102523          2          0 
    233742     233757     491522     540706     102410          2          0 
    235310     235330     491522     540770     103643          2          0 
    234018     234038     491522     540738     102517          2          0 
    234938     234954     491522     540738     103440          2          0 
    233750     233769     491522     540674     102610          2          0 
    233726     233984     491522     540674     102583          3          0 
    234594     234612     491522     540706     103274          2          0 
    233522     233540     491522     540674     102381          2          0 
    233786     233803     491522     540706     102466          2          0 
    233706     233724     491522     540706     102381          2          0 
    233658     233674     491522     540674     102514          2          0 
    233642     233659     491522     540674     102501          2          0 
    233554     233570     491522     540674     102415          2          0 
    233562     233581     491522     540674     102421          2          0 
    233702     233721     491522     540706     102382          2          0 
    233962     233980     491522     540706     102644          2          0 
    233590     233605     491522     540674     102452          2          0 
    233754     233773     491522     540706     102430          2          0 
    233546     233562     491522     540674     102405          2          0 
    233494     233512     491522     540674     102349          2          0 
    233650     233669     491522     540706     102329          2          0 
    233402     233421     491522     540674     102260          2          0 
    233502     233517     491522     540674     102360          2          0 
    233598     233616     491522     540674     102457          2          0 
    233490     233505     491522     540674     102347          2          0 
    233574     233591     491522     540674     102434          2          0 
    233378     233397     491522     540674     102236          2          0 
    233446     233465     491522     540674     102305          2          0 
    233594     233609     491522     540674     102449          2          0 
    233510     233528     491522     540674     102373          2          0 
    233478     233493     491522     540674     102330          2          0 
    233622     233637     491522     540674     102478          2          0 
    233426     233444     491522     540674     102280          2          0 
    233542     233559     491522     540674     102398          2          0 
    233542     233560     491522     540674     102401          2          0 
    233430     233448     491522     540674     102284          2          0 
    260954     234553     491523     540874     102505          6          3 
    233722     233701     491522     540674     102579          1          0 
    233386     233362     491522     540674     102244          1          0 
    233590     233569     491522     540674     102450          1          0 
    233218     233194     491522     540674     102072          1          0 
    233550     233529     491522     540674     102407          1          0 
    233454     233434     491522     540674     102312          1          0 
    233466     233444     491522     540674     102321          1          0 
    233214     233194     491522     540674     102072          1          0 
    233694     233675     491522     540674     102553          1          0 
    233826     233804     491522     540674     102684          1          0 
    233378     233359     491522     540674     102240          1          0 
    233594     233573     491522     540674     102450          1          0 
    233554     233532     491522     540674     102408          1          0 
    233502     233480     491522     540674     102358          1          0 
    233486     233469     491522     540674     102346          1          0 
    233586     233566     491522     540674     102445          1          0 
    233378     233357     491522     540674     102236          1          0 
    233738     233716     491522     540674     102594          1          0 
    233614     233595     491522     540674     102469          1          0 
    233618     233596     491522     540674     102473          1          0 
    233666     233645     491522     540674     102520          1          0 
    233438     233418     491522     540674     102295          1          0 
    235126     235103     491522     540738     103123          1          3 
    237282     237263     491522     540964     104064          2          2 
    235578     235556     491522     540898     103181          3          0 
    234750     234731     491522     540770     102698          1          1 
    234458     234434     491522     540772     102682          2          0 
    233742     233723     491522     540706     102421          1          0 
    234254     234235     491522     540770     102559          1          0 
    234490     234471     491522     540802     102638          1          0 
    233890     233868     491522     540706     102360          1          1 
    234518     234500     491522     540674     103358          1          0 
