
     Clock   Core cyc   Instruct       Uops   res.stl.   L1D Miss   CodeMiss 
   1073200     420518     491778     611076     131200        301          3 
    233723     233746     491522     540674     102524          3          0 
    233455     233426     491522     540674     102309          1          0 
    233467     233437     491522     540674     102317          1          0 
    233487     233454     491522     540674     102333          1          0 
    233875     233843     491522     540706     102545          1          0 
    233775     233745     491522     540674     102622          1          0 
    234559     234532     491522     540706     103231          1          0 
    233471     233440     491522     540674     102322          1          0 
    235599     235571     491522     540674     104448          1          0 
    233611     233579     491522     540674     102463          1          0 
    233631     233602     491522     540674     102479          1          0 
    233547     233516     491522     540674     102400          1          0 
    233647     233621     491522     540674     102494          1          0 
    233563     233532     491522     540674     102410          1          0 
    233607     233580     491522     540674     102461          1          0 
    235187     235154     491522     540674     104032          1          0 
    235435     235404     491522     540738     103927          1          0 
    235351     235319     491522     540706     104017          2          0 
    233583     233552     491522     540674     102428          1          0 
    234659     234631     491522     540738     103135          1          0 
    237763     237733     491522     540962     104496          2          1 
    238879     238850     491522     540868     106325          2          1 
    236167     236136     491522     540802     104288          1          0 
    237103     237074     491522     541090     103333          0          1 
    237571     237781     491522     541058     104053          1          2 
    238899     239097     491522     541346     103999          2          0 
    238127     238097     491522     541058     104828          0          0 
    238939     238908     491522     540932     105726          2          2 
    236883     236854     491522     540804     104855          2          4 
    234611     234581     491522     540738     103103          0          0 
    235191     235617     491522     540802     103324          1          0 
    275267     237921     491523     540874     103871         10          3 
    234819     234792     491522     540674     103668          1          0 
    233387     233359     491522     540674     102240          1          0 
    234191     234160     491522     540674     103035          1          0 
    233551     233518     491522     540674     102395          1          0 
    234431     234401     491522     540674     103286          1          0 
    235835     235805     491522     540738     104333          1          0 
    235639     235608     491522     540738     103906          1          2 
    235047     235018     491522     540738     103525          0          0 
    234295     234264     491522     540674     103142          0          0 
    234959     234930     491522     540706     103628          0          0 
    233627     233595     491522     540706     102293          0          0 
    235999     235970     491522     540706     104676          0          0 
    233999     233965     491522     540706     102670          0          0 
    234099     234070     491522     540738     102592          0          0 
    233659     233627     491522     540674     102507          0          0 
    233755     233726     491522     540706     102431          0          0 
    233559     233528     491522     540674     102403          0          0 
    233687     233657     491522     540706     102358          0          0 
    233639     233609     491522     540674     102492          0          0 
    233591     233564     491522     540674     102447          0          0 
    233703     233673     491522     540706     102376          0          0 
    234115     234088     491522     540674     102970          0          0 
    235051     235024     491522     540770     103367          1          0 
    234367     234338     491522     540770     102677          0          0 
    234007     233977     491522     540674     102854          0          0 
    233471     233443     491522     540674     102324          0          0 
    234279     234248     491522     540802     102409          0          0 
    233767     233736     491522     540706     102436          0          0 
    234927     234894     491522     540770     103234          1          0 
    233619     233589     491522     540706     102292          0          0 
    234099     234073     491522     540674     102950          0          0 
    233695     233667     491522     540706     102370          0          0 
    234395     234365     491522     540802     102532          0          0 
    234059     234031     491522     540738     102516          0          0 
    234103     234073     491522     540770     102395          0          0 
    233899     233872     491522     540738     102388          0          0 
    234211     234182     491522     540738     102705          0          0 
    234627     234596     491522     540802     102759          0          0 
    235495     235466     491522     540898     103095          2          0 
    233527     233498     491522     540674     102376          0          0 
    233631     233604     491522     540674     102484          0          0 
    234183     234152     491522     540770     102321          0          0 
    234111     234079     491522     540738     102597          0          0 
    234111     234082     491522     540738     102482          0          0 
    233835     233806     491522     540706     102505          0          0 
    235843     235814     491522     540674     104695          0          0 
    233647     233615     491522     540674     102488          0          0 
    233431     233399     491522     540674     102276          0          0 
    234095     234061     491522     540706     102755          2          0 
    233595     233565     491522     540674     102442          0          0 
    233607     233576     491522     540674     102455          0          0 
    234011     233980     491522     540674     102854          0          0 
    233471     233438     491522     540674     102315          0          0 
    233463     233434     491522     540674     102312          0          0 
    233511     233483     491522     540674     102365          0          0 
    276747     235300     491523     540876     103013          6          3 
    233711     233682     491522     540674     102558          1          0 
    233459     233427     491522     540674     102306          1          0 
    233467     233438     491522     540674     102315          1          0 
    234799     234766     491522     540674     103652          1          0 
    233767     233736     491522     540706     102425          1          0 
    233703     233676     491522     540706     102374          1          0 
    233555     233524     491522     540674     102404          1          0 
    233271     233244     491522     540674     102123          1          0 
    234035     234004     491522     540738     102526          1          0 
    233523     233492     491522     540674     102373          1          0 
    234271     234242     491522     540770     102576          1          0 
    233491     233459     491522     540674     102341          1          0 
    234007     233975     491522     540738     102498          1          0 
    233727     233697     491522     540706     102396          1          0 
    234199     234171     491522     540738     102512          1          0 
    234123     234090     491522     540770     102423          1          0 
    233591     233561     491522     540674     102436          1          0 
    234795     234766     491522     540674     103648          1          0 
    233859     233826     491522     540706     102533          1          0 
    235467     235436     491522     540930     102880          1          0 
    234907     234880     491522     540834     102499          1          2 
    233523     233491     491522     540674     102372          1          0 
    233431     233403     491522     540674     102283          1          0 
    233463     233432     491522     540674     102313          1          0 
    233627     233597     491522     540706     102301          1          0 
    233703     233674     491522     540674     102551          1          0 
    233543     233511     491522     540674     102390          1          0 
    233735     233705     491522     540674     102580          1          0 
    233583     233552     491522     540674     102428          1          0 
    233687     233658     491522     540674     102539          1          0 
    233583     233553     491522     540674     102435          1          0 
    233539     233512     491522     540674     102389          1          0 
    233387     233357     491522     540674     102235          1          0 
    233523     233496     491522     540674     102374          1          0 
    233499     233469     491522     540674     102353          1          0 
    233627     233599     491522     540674     102474          1          0 
    234387     234360     491522     540738     102399          1          2 
    233407     233378     491522     540674     102257          1          0 
    233491     233462     491522     540674     102325          1          0 
    233431     233401     491522     540674     102279          1          0 
    233495     233463     491522     540674     102342          1          0 
    233423     233393     491522     540674     102272          1          0 
    233551     233524     491522     540674     102404          1          0 
    233599     233569     491522     540674     102447          1          0 
    233643     233616     491522     540674     102497          1          0 
    233739     233708     491522     540674     102587          1          0 
    233635     233605     491522     540674     102485          1          0 
    233415     233382     491522     540674     102265          1          0 
    233595     233565     491522     540674     102444          1          0 
    233623     233591     491522     540674     102472          1          0 
    233603     233574     491522     540674     102447          1          0 
    233395     233363     491522     540674     102243          1          0 
    233551     233521     491522     540674     102397          1          0 
    233623     233591     491522     540674     102472          1          0 
    247943     234469     491523     540874     102428          6          0 
    233591     233560     491522     540674     102435          1          0 
    233775     233744     491522     540674     102625          1          0 
    233747     233718     491522     540674     102596          1          0 
    233343     233312     491522     540674     102196          1          0 
    233667     233638     491522     540674     102512          1          0 
    233615     233583     491522     540674     102462          1          0 
