
     Clock   Core cyc   Instruct       Uops   res.stl.   L1D Miss   CodeMiss 
   1184138     446592     491778     611239     140490        363          8 
    237025     236997     491522     540868     104391          4          1 
    237033     237013     491522     541122     103386          0          0 
    236113     236088     491522     540994     102947          1          0 
    235161     235136     491522     540898     102521          1          1 
    236637     236615     491522     541026     103288          1          2 
    234753     234875     491522     540930     102356          1          0 
    235473     235447     491522     540994     102531          1          0 
    235601     235578     491522     540994     102456          1          0 
    235221     235199     491522     540834     102949          2          2 
    236817     236992     491522     540996     103854          5          0 
    236333     236309     491522     540994     103387          1          0 
    236137     236114     491522     540802     103928          1          4 
    235385     235361     491522     540930     102594          1          0 
    236469     236444     491522     540994     103357          2          0 
    235129     235104     491522     540866     102698          1          1 
    235849     235823     491522     540900     103375          2          0 
    235297     235701     491522     540898     102891          3          0 
    235049     235026     491522     540802     103009          2          1 
    234033     234013     491522     540770     102359          1          0 
    235721     235695     491522     540962     102585          1          0 
    240009     239987     491522     540932     107127          2          2 
    241389     241367     491522     540866     109184          3          0 
    236373     236350     491522     541026     102778          2          2 
    235853     235833     491522     540994     102732          1          0 
    235889     235869     491522     540802     104037          1          0 
    233821     233794     491522     540674     102672          1          0 
    234357     234331     491522     540802     102481          1          0 
    235845     235820     491522     540994     102965          1          0 
    233857     233832     491522     540738     102352          2          0 
    234553     234530     491522     540834     102513          1          0 
    233957     233934     491522     540738     102266          1          0 
    236173     236148     491522     540802     104308          2          0 
    234797     235011     491522     540802     102940          2          0 
    273437     237925     491523     540876     103910         12          3 
    233825     233799     491522     540738     102315          1          0 
    234245     234224     491522     540738     102532          1          1 
    234217     234194     491522     540802     102361          1          0 
    235033     235006     491522     540930     102452          1          0 
    235273     235595     491522     540836     103164          3          0 
    234285     234537     491522     540770     102600          1          0 
    235961     235936     491522     540802     103937          0          0 
    235209     235184     491522     540932     102584          1          0 
    234121     234098     491522     540738     102622          0          0 
    235005     234984     491522     540898     102428          0          0 
    236749     236724     491522     541090     103362          1          0 
    236945     236922     491522     541250     102571          0          0 
    235065     235040     491522     540834     103018          0          0 
    234529     234504     491522     540802     102663          0          0 
    235593     235567     491522     540770     103906          0          0 
    237021     237047     491522     541058     103571          2          0 
    235289     235262     491522     540898     102895          2          0 
    234561     234539     491522     540834     102504          0          0 
    237869     237847     491522     540930     105303          1          0 
    234857     235003     491522     540868     102788          1          0 
    234613     234585     491522     540834     102326          0          1 
    234165     234139     491522     540770     102485          0          0 
    234593     234571     491522     540866     102376          0          0 
    234657     234637     491522     540740     103089          2          0 
    233893     234118     491522     540770     102205          1          0 
    234649     234625     491522     540834     102605          0          0 
    234401     234378     491522     540802     102527          0          0 
    235097     235071     491522     540834     102419          0          1 
    235641     235615     491522     541026     102572          0          0 
    234717     234694     491522     540898     102341          0          0 
    236337     236313     491522     540962     103416          0          0 
    233817     233791     491522     540706     102493          0          0 
    236701     236673     491522     541090     102422          0          2 
    235825     235801     491522     540738     104321          0          0 
    234261     234234     491522     540802     102389          0          0 
    234345     234321     491522     540802     102490          0          0 
    237181     237159     491522     541090     103727          1          0 
    235721     235696     491522     540994     102548          0          1 
    236077     236053     491522     541058     102477          0          2 
    234957     234931     491522     540836     102847          1          0 
    238013     237990     491522     541346     102648          0          2 
    235801     236019     491522     540930     102911          1          1 
    233917     233894     491522     540770     102233          0          0 
    234465     234444     491522     540706     103108          1          0 
    233813     233790     491522     540738     102296          0          0 
    233749     233728     491522     540738     102235          0          0 
    233825     233803     491522     540706     102505          0          0 
    233497     233475     491522     540706     102176          0          0 
    235225     235201     491522     540930     102653          2          0 
    234005     233979     491522     540802     102187          0          0 
    233373     233353     491522     540674     102229          0          0 
    233801     233776     491522     540738     102298          0          0 
    234329     234306     491522     540772     102577          1          0 
    233869     233847     491522     540674     102724          0          0 
    259033     236361     491523     540906     103486          5          0 
    234137     234114     491522     540706     102322          1          3 
    233777     233754     491522     540706     102449          1          0 
    233569     233544     491522     540674     102424          1          0 
    234157     234132     491522     540706     102832          1          0 
    233333     233310     491522     540674     102190          1          0 
    234425     234400     491522     540738     102535          1          2 
    233325     233299     491522     540674     102179          1          0 
    233977     233954     491522     540706     102422          1          1 
    234653     234632     491522     540674     103511          1          0 
    234197     234169     491522     540674     103048          1          0 
    233305     233281     491522     540674     102156          1          0 
    233661     233637     491522     540706     102341          1          0 
    233569     233542     491522     540674     102423          1          0 
    233561     233536     491522     540706     102234          1          0 
    233277     233250     491522     540674     102126          1          0 
    233297     233273     491522     540674     102153          1          0 
    234025     234001     491522     540708     102629          2          0 
    233417     233389     491522     540674     102271          1          0 
    233393     233372     491522     540674     102237          1          0 
    234353     234327     491522     540738     102347          1          1 
    233737     233715     491522     540706     102410          1          0 
    234641     234617     491522     540834     102277          1          2 
    233261     233238     491522     540674     102120          1          0 
    234501     234477     491522     540770     102807          1          0 
    233677     233653     491522     540706     102355          1          0 
    233781     233758     491522     540674     102636          1          0 
    233785     233762     491522     540738     102280          1          0 
    233389     233364     491522     540674     102240          1          0 
    234993     234967     491522     540898     102591          1          0 
    233885     233859     491522     540708     102489          2          0 
    234325     234300     491522     540802     102467          1          0 
    233305     233283     491522     540674     102160          1          0 
    233881     233861     491522     540738     102386          1          0 
    234373     234349     491522     540802     102501          1          0 
    233757     233734     491522     540706     102438          1          0 
    234937     234911     491522     540930     102316          1          0 
    233705     233682     491522     540706     102352          1          0 
    235117     235093     491522     540770     103441          3          0 
    235193     235169     491522     540930     102631          1          0 
    234137     234116     491522     540802     102280          1          0 
    234041     234019     491522     540738     102525          1          0 
    234065     234041     491522     540770     102361          1          0 
    235193     235169     491522     540898     102769          1          0 
    234985     234962     491522     540930     102394          1          0 
    233457     233433     491522     540706     102140          1          0 
    234077     234055     491522     540770     102408          1          0 
    234337     234309     491522     540834     102301          1          0 
    235013     234988     491522     540802     103150          1          0 
    233885     233861     491522     540738     102373          1          0 
    234081     234058     491522     540770     102405          1          0 
    235445     235422     491522     540930     102861          1          0 
    233837     233815     491522     540706     102517          1          0 
    234485     234465     491522     540834     102441          1          0 
    234517     234490     491522     540834     102471          1          0 
    235709     235687     491522     540930     103129          1          0 
    296829     234942     491523     540906     102494          7          3 
    233489     233466     491522     540706     102164          1          0 
    233449     233423     491522     540674     102300          1          0 
    233477     233452     491522     540674     102331          1          0 
    233369     233344     491522     540674     102218          1          0 
