
     Clock   Core cyc   Instruct       Uops   res.stl.   L1D Miss   CodeMiss 
   1164681     425936     491778     611174     131981        331          3 
    243340     243358     491522     540930     109833          7          3 
    237256     237244     491522     540930     104664          2          0 
    235860     235845     491522     540802     103628          1          2 
    238236     238223     491522     541092     104464          2          0 
    237556     237540     491522     541058     104268          1          0 
    241504     241822     491522     541094     107901          5          0 
    236196     236178     491522     540930     103628          3          0 
    236208     236193     491522     540802     104063          1          0 
    235324     235309     491522     540772     103584          4          0 
    239560     239545     491522     540866     106066          2          1 
    236092     236074     491522     540802     104130          2          4 
    237456     237440     491522     540834     105193          1          0 
    238356     238341     491522     540866     106152          1          0 
    235620     235603     491522     540930     102508          1          4 
    236168     236155     491522     540834     103908          1          0 
    235172     235158     491522     540706     103859          1          0 
    234296     234281     491522     540706     102985          1          0 
    234024     234011     491522     540770     102344          1          0 
    234324     234308     491522     540674     103189          1          0 
    233448     233434     491522     540674     102311          1          0 
    233852     233838     491522     540706     102336          1          1 
    234432     234415     491522     540706     103119          2          0 
    235636     235623     491522     540706     104329          1          0 
    234696     234680     491522     540674     103564          1          0 
    233892     233877     491522     540674     102757          1          0 
    234140     234123     491522     540706     102412          1          0 
    236212     236195     491522     540738     104632          1          0 
    235260     235245     491522     540674     104123          1          0 
    234420     234404     491522     540674     103284          1          0 
    233288     233272     491522     540674     102150          1          0 
    233244     233227     491522     540674     102110          1          0 
    233416     233400     491522     540674     102275          1          0 
    233676     233663     491522     540706     102361          2          0 
    233612     233598     491522     540706     102298          2          0 
    233496     233480     491522     540674     102354          2          0 
    234172     234159     491522     540706     102852          1          0 
    233564     233548     491522     540674     102427          1          0 
    234516     234502     491522     540738     102845          1          1 
    234064     234046     491522     540706     102568          1          1 
    233636     233621     491522     540706     102317          0          0 
    235408     235393     491522     540706     104087          0          0 
    233396     233380     491522     540674     102255          0          0 
    233400     233387     491522     540674     102265          0          0 
    233952     233937     491522     540674     102819          1          0 
    233848     233834     491522     540706     102529          1          0 
    233504     233489     491522     540674     102369          1          0 
    233832     233818     491522     540706     102519          1          0 
    233848     233836     491522     540706     102536          1          0 
    233340     233324     491522     540674     102200          1          0 
    233372     233359     491522     540674     102236          2          0 
    256076     235338     491523     540874     102313         10          0 
    233972     233953     491522     540674     102835          1          0 
    233608     233593     491522     540674     102473          1          0 
    233832     233818     491522     540674     102696          1          0 
    233396     233381     491522     540674     102261          1          0 
    233780     233762     491522     540706     102265          1          0 
    233392     233378     491522     540674     102256          1          0 
    233444     233570     491522     540706     102306          1          0 
    234204     234191     491522     540738     102713          1          0 
    233872     233855     491522     540738     102367          1          0 
    236208     236190     491522     540834     103954          1          1 
    234436     234424     491522     540802     102357          1          1 
    233444     233429     491522     540674     102311          1          0 
    233672     233654     491522     540706     102359          1          0 
    233452     233438     491522     540674     102315          1          0 
    234464     234614     491522     540706     103145          1          0 
    233284     233269     491522     540674     102150          1          0 
    233364     233348     491522     540674     102224          1          0 
    233612     233601     491522     540674     102475          1          0 
    234368     234354     491522     540770     102683          1          0 
    234256     234242     491522     540834     102211          1          0 
    233380     233366     491522     540706     102061          1          0 
    233636     233625     491522     540674     102502          1          0 
    234112     234096     491522     540738     102619          1          0 
    234024     234009     491522     540738     102513          1          0 
    233972     233960     491522     540738     102485          1          0 
    233448     233432     491522     540706     102136          1          0 
    233720     233705     491522     540706     102389          1          0 
    233464     233451     491522     540674     102332          1          0 
    233816     233803     491522     540706     102505          1          0 
    233752     233735     491522     540738     102248          1          0 
    233552     233537     491522     540706     102240          1          0 
    233824     233811     491522     540706     102514          1          0 
    234088     234075     491522     540706     102534          1          0 
    233360     233344     491522     540674     102226          1          0 
    233900     233886     491522     540770     102227          1          0 
    233196     233181     491522     540674     102063          1          0 
    234080     234065     491522     540706     102546          1          1 
    233624     233610     491522     540706     102309          1          0 
    233884     233866     491522     540706     102567          1          0 
    233620     233606     491522     540706     102308          1          0 
    233456     233439     491522     540674     102321          1          0 
    234864     234847     491522     540802     102983          1          0 
    234780     234762     491522     540898     102387          1          0 
    233428     233414     491522     540674     102293          1          0 
    233384     233369     491522     540674     102255          1          0 
    233504     233491     491522     540674     102366          1          0 
    233268     233253     491522     540674     102132          1          0 
    233332     233318     491522     540674     102195          1          0 
    233380     233365     491522     540674     102245          1          0 
    233564     233551     491522     540674     102432          1          0 
    233568     233551     491522     540674     102431          1          0 
    233300     233284     491522     540674     102162          1          0 
    233336     233317     491522     540674     102199          1          0 
    233396     233382     491522     540674     102263          1          0 
    233980     233967     491522     540738     102292          1          0 
    261640     234494     491523     540874     102685          7          1 
    233916     233899     491522     540738     102414          1          0 
    233324     233308     491522     540674     102189          1          0 
    233384     233370     491522     540674     102251          1          0 
    233344     233330     491522     540674     102209          1          0 
    233528     233514     491522     540674     102394          1          0 
    233280     233262     491522     540674     102145          1          0 
    233488     233475     491522     540674     102352          1          0 
    233400     233386     491522     540674     102271          1          0 
    233360     233344     491522     540674     102223          1          0 
    233468     233453     491522     540674     102335          1          0 
    233428     233412     491522     540674     102290          1          0 
    233432     233413     491522     540674     102297          1          0 
    233732     233718     491522     540674     102599          1          0 
    233308     233292     491522     540674     102174          1          0 
    233556     233542     491522     540674     102417          1          0 
    233588     233572     491522     540674     102451          1          0 
    233404     233391     491522     540674     102270          1          0 
    233388     233373     491522     540674     102252          1          0 
    233496     233485     491522     540674     102362          1          0 
    233592     233574     491522     540674     102457          1          0 
    233444     233433     491522     540674     102311          1          0 
    233416     233399     491522     540674     102281          1          0 
    233528     233516     491522     540674     102395          1          0 
    233436     233419     491522     540674     102298          1          0 
    233576     233560     491522     540674     102435          1          0 
    233332     233317     491522     540674     102198          1          0 
    233488     233475     491522     540674     102352          1          0 
    233396     233381     491522     540674     102261          1          0 
    233460     233447     491522     540674     102330          1          0 
    233460     233445     491522     540674     102330          1          0 
    233540     233525     491522     540674     102405          1          0 
    233368     233352     491522     540674     102236          1          0 
    233460     233447     491522     540674     102330          1          0 
    233480     233466     491522     540674     102344          1          0 
    233488     233475     491522     540674     102352          1          0 
    233532     233514     491522     540674     102393          1          0 
    233472     233457     491522     540674     102334          1          0 
    233388     233373     491522     540674     102252          1          0 
    233528     233514     491522     540674     102393          1          0 
    233588     233572     491522     540674     102451          1          0 
    233732     233718     491522     540674     102599          1          0 
    233484     233466     491522     540674     102344          1          0 
