
     Clock   Core cyc   Instruct       Uops   res.stl.   L1D Miss   CodeMiss 
   1149459     434696     491778     611078     130035        332          3 
    236143     236183     491522     540738     104630          4          0 
    233819     233788     491522     540706     102475          1          0 
    234295     234265     491522     540706     102963          1          0 
    233767     233735     491522     540674     102613          1          0 
    233399     233372     491522     540674     102247          1          0 
    233599     233568     491522     540674     102447          1          0 
    234387     234359     491522     540802     102518          1          0 
    234335     234306     491522     540802     102470          1          0 
    235491     235462     491522     540930     102912          1          0 
    234399     234372     491522     540802     102537          1          0 
    234611     234582     491522     540834     102572          1          0 
    233883     233855     491522     540770     102200          1          0 
    237787     237761     491522     540898     105376          1          0 
    236899     236868     491522     540866     104661          2          0 
    235879     235847     491522     540994     102748          1          1 
    234475     234442     491522     540770     102785          1          0 
    233715     233684     491522     540706     102384          1          0 
    236059     236030     491522     540964     103215          2          0 
    235003     234972     491522     540898     102569          1          0 
    233759     233729     491522     540706     102429          1          0 
    233547     233520     491522     540674     102397          1          0 
    234683     234657     491522     540866     102466          1          0 
    235571     235541     491522     540994     102650          1          0 
    234507     234476     491522     540834     102463          0          0 
    266547     236678     491523     541002     102694         10          3 
    233419     233387     491522     540674     102264          1          0 
    234519     234489     491522     540674     103367          1          0 
    233363     233331     491522     540674     102208          1          0 
    233495     233464     491522     540674     102341          1          0 
    233615     233587     491522     540706     102281          1          0 
    234263     234233     491522     540706     102934          1          0 
    234603     234572     491522     540834     102543          1          0 
    235311     235284     491522     540802     103453          1          0 
    239975     239945     491522     540770     108271          1          0 
    238407     238376     491522     540674     107254          1          0 
    234127     234097     491522     540738     102619          1          0 
    233995     233964     491522     540738     102484          1          0 
    233639     233608     491522     540674     102485          1          0 
    234195     234169     491522     540706     102865          1          0 
    233723     233691     491522     540706     102379          0          0 
    234299     234270     491522     540706     102967          1          0 
    234335     234306     491522     540802     102472          0          0 
    233927     233894     491522     540738     102418          0          0 
    234303     234273     491522     540802     102438          0          0 
    235563     235530     491522     540866     103114          0          1 
    233975     233947     491522     540706     102651          0          0 
    234007     233981     491522     540674     102859          0          0 
    233823     233792     491522     540706     102489          0          0 
    235383     235357     491522     540770     103701          0          0 
    233943     233913     491522     540738     102417          0          0 
    234027     233997     491522     540738     102514          0          0 
    236571     236539     491522     540738     104950          0          0 
    233995     233965     491522     540706     102470          0          1 
    234063     234036     491522     540770     102381          0          0 
    233739     233712     491522     540738     102234          0          0 
    234027     234000     491522     540706     102700          0          0 
    234743     234715     491522     540866     102513          0          0 
    234355     234323     491522     540770     102670          0          0 
    233827     233796     491522     540706     102490          0          0 
    234031     233997     491522     540738     102520          0          0 
    235179     235150     491522     540802     103305          0          0 
    233963     233934     491522     540706     102637          0          0 
    233367     233335     491522     540674     102217          0          0 
    233891     233860     491522     540706     102554          0          0 
    233819     233788     491522     540674     102664          0          0 
    233691     233661     491522     540706     102364          0          0 
    233955     233927     491522     540770     102277          0          0 
    235215     235183     491522     540706     103881          0          0 
    233671     233637     491522     540706     102340          0          0 
    234563     234534     491522     540834     102520          0          0 
    233471     233441     491522     540674     102321          0          0 
    233687     233658     491522     540674     102539          0          0 
    233475     233443     491522     540674     102323          0          0 
    233399     233369     491522     540674     102243          0          0 
    233395     233366     491522     540674     102246          0          0 
    233291     233261     491522     540674     102136          0          0 
    233515     233484     491522     540674     102365          0          0 
    233559     233531     491522     540674     102408          0          0 
    233755     233729     491522     540706     102433          0          0 
    233791     233759     491522     540674     102645          0          0 
    267767     234876     491523     540938     102510          5          1 
    233595     233568     491522     540674     102445          1          0 
    233547     233516     491522     540674     102394          1          0 
    233599     233571     491522     540674     102447          1          0 
    233283     233249     491522     540674     102130          1          0 
    233483     233453     491522     540674     102330          1          0 
    233423     233391     491522     540674     102269          1          0 
    233471     233441     491522     540674     102324          1          0 
    233623     233589     491522     540674     102466          1          0 
    233579     233548     491522     540674     102428          1          0 
    233347     233315     491522     540674     102194          1          0 
    233639     233608     491522     540674     102491          1          0 
    233643     233613     491522     540674     102490          1          0 
    233583     233554     491522     540674     102431          1          0 
    233463     233431     491522     540674     102308          1          0 
    233623     233596     491522     540674     102477          1          0 
    233523     233493     491522     540674     102378          1          0 
    233403     233372     491522     540674     102248          1          0 
    233475     233446     491522     540674     102325          1          0 
    233567     233535     491522     540674     102413          1          0 
    233419     233391     491522     540674     102272          1          0 
    233627     233600     491522     540674     102478          1          0 
    233731     233703     491522     540674     102583          1          0 
    233555     233527     491522     540674     102404          1          0 
    233467     233437     491522     540674     102317          1          0 
    233851     233822     491522     540674     102701          1          0 
    233683     233650     491522     540674     102530          1          0 
    233455     233426     491522     540674     102301          1          0 
    233507     233478     491522     540674     102360          1          0 
    233611     233581     491522     540674     102459          1          0 
    233543     233510     491522     540674     102389          1          0 
    233447     233415     491522     540674     102292          1          0 
    233423     233391     491522     540674     102272          1          0 
    233679     233648     491522     540674     102529          1          0 
    233515     233484     491522     540674     102362          1          0 
    233423     233393     491522     540674     102269          1          0 
    233691     233660     491522     540674     102539          1          0 
    233499     233469     491522     540674     102350          1          0 
    233539     233511     491522     540674     102395          1          0 
    233535     233506     491522     540674     102386          1          0 
    233431     233400     491522     540674     102280          1          0 
    233523     233491     491522     540674     102371          1          0 
    233491     233460     491522     540674     102342          1          0 
    233595     233567     491522     540674     102443          1          0 
    233415     233383     491522     540674     102260          1          0 
    233519     233491     491522     540674     102371          1          0 
    233615     233586     491522     540674     102462          1          0 
    233587     233557     491522     540674     102436          1          0 
    233655     233621     491522     540674     102497          1          0 
    233371     233345     491522     540674     102221          1          0 
    233491     233460     491522     540674     102342          1          0 
    233595     233566     491522     540674     102446          1          0 
    233507     233474     491522     540674     102354          1          0 
    233639     233613     491522     540674     102490          1          0 
    233347     233315     491522     540674     102194          1          0 
    242423     234173     491523     540874     102343          6          0 
    233471     233440     491522     540674     102325          1          0 
    233495     233466     491522     540674     102345          1          0 
    233519     233485     491522     540674     102362          1          0 
    233483     233453     491522     540674     102331          1          0 
    233495     233463     491522     540674     102347          1          0 
    233415     233385     491522     540674     102268          1          0 
    233523     233489     491522     540674     102366          1          0 
    233523     233495     491522     540674     102374          1          0 
    233367     233334     491522     540674     102216          1          0 
    233331     233302     491522     540674     102180          1          0 
    233515     233482     491522     540674     102368          1          0 
    233555     233527     491522     540674     102404          1          0 
    233331     233300     491522     540674     102181          1          0 
