
     Clock   Core cyc   Instruct       Uops   res.stl.   L1D Miss   CodeMiss 
   1073201     420003     491778     611076     130727        298          3 
    233638     233701     491522     540674     102484          6          0 
    233466     233446     491522     540674     102329          1          0 
    233622     233600     491522     540674     102477          1          0 
    233490     233466     491522     540674     102343          1          0 
    233338     233321     491522     540674     102198          1          0 
    233354     233332     491522     540674     102214          1          0 
    233618     233600     491522     540674     102477          1          0 
    233406     233387     491522     540674     102268          1          0 
    233434     233415     491522     540674     102290          1          0 
    233426     233404     491522     540674     102285          1          0 
    233646     233626     491522     540674     102506          1          0 
    233402     233378     491522     540674     102259          1          0 
    233570     233550     491522     540674     102428          1          0 
    233474     233452     491522     540674     102336          1          0 
    259910     234818     491523     540874     102346         14          3 
    233466     233445     491522     540674     102322          1          0 
    233302     233281     491522     540674     102164          1          0 
    233262     233243     491522     540674     102123          1          0 
    233406     233382     491522     540674     102264          1          0 
    233446     233424     491522     540674     102300          1          0 
    234898     235246     491522     540834     102882          2          0 
    235754     235734     491522     540770     103803          1          0 
    234466     234445     491522     540770     102795          1          0 
    236742     236721     491522     540738     103194          1          1 
    236382     236362     491522     540962     103622          3          0 
    237334     237312     491522     540996     104087          4          2 
    236490     236471     491522     540898     103422          2          1 
    238426     238616     491522     541122     104764          3          1 
    237966     237946     491522     541090     104203          2          0 
    236570     236550     491522     541058     103092          2          1 
    235070     235048     491522     540706     103751          2          0 
    235270     235246     491522     540738     103734          2          0 
    234394     234376     491522     540738     102894          2          0 
    235962     235939     491522     540866     103451          3          0 
    237458     237437     491522     540806     105447          4          0 
    235950     235930     491522     540772     103961          4          2 
    235874     235851     491522     540930     103300          1          0 
    236190     236386     491522     540738     104692          3          0 
    239342     239486     491522     540930     106943          2          0 
    236194     236171     491522     540836     103784          1          1 
    235890     235866     491522     540930     103145          0          0 
    235690     235667     491522     540802     103833          1          0 
    235566     235545     491522     540898     103183          0          0 
    235790     235766     491522     540772     104013          1          0 
    235406     235387     491522     540802     103552          0          0 
    235230     235209     491522     540706     103913          0          0 
    238658     238635     491522     541030     104644          4          3 
    236638     236616     491522     540802     104566          0          0 
    236422     236398     491522     540738     104912          0          0 
    235150     235125     491522     540770     103268          0          1 
    234894     234874     491522     540770     103029          0          1 
    233814     233993     491522     540706     102486          1          0 
    234082     234062     491522     540676     102868          3          0 
    235270     235448     491522     540706     102314          1          0 
    236242     236222     491522     540706     104925          1          0 
    233374     233354     491522     540674     102234          0          0 
    233690     233667     491522     540706     102356          1          0 
    234154     234133     491522     540674     103011          1          0 
    236766     236745     491522     540706     105439          0          0 
    234966     234942     491522     540802     102921          1          1 
    236246     236225     491522     540706     104927          0          0 
    233350     233329     491522     540674     102211          0          0 
    233762     233740     491522     540674     102620          0          0 
    233370     233347     491522     540674     102222          0          0 
    233242     233218     491522     540674     102097          1          0 
    233386     233367     491522     540674     102243          1          0 
    233534     233515     491522     540706     102218          0          0 
    234762     234741     491522     540674     103618          0          0 
    233254     233235     491522     540674     102118          0          0 
    272030     234474     491523     540908     102245          8          3 
    233638     233616     491522     540674     102494          1          0 
    235354     235334     491522     540674     104213          1          0 
    233474     233453     491522     540706     102151          1          0 
    237506     237486     491522     540706     106190          1          0 
    233770     233749     491522     540706     102450          1          0 
    234174     234151     491522     540770     102509          1          0 
    233922     233904     491522     540706     102594          1          0 
    233486     233463     491522     540674     102343          1          0 
    233922     233902     491522     540770     102235          1          0 
    234106     234083     491522     540770     102426          1          0 
    234890     234868     491522     540898     102476          1          0 
    234450     234433     491522     540802     102592          1          0 
    233978     233958     491522     540738     102486          1          0 
    234474     234453     491522     540834     102417          1          0 
    235502     235480     491522     541026     102428          1          0 
    234062     234039     491522     540770     102387          1          0 
    235034     235010     491522     540834     102727          1          0 
    233754     233973     491522     540706     102429          2          0 
    234302     234277     491522     540802     102440          1          0 
    234114     234094     491522     540738     102622          1          0 
    234910     234886     491522     540834     102728          1          0 
    233818     233797     491522     540706     102500          1          0 
    233598     233576     491522     540706     102278          1          0 
    240750     240730     491522     540706     109047          1          0 
    234018     233993     491522     540770     102316          1          0 
    234554     234535     491522     540706     103237          1          0 
    234466     234446     491522     540738     102974          1          0 
    234062     234039     491522     540738     102380          1          0 
    233886     233866     491522     540674     102743          1          0 
    233434     233410     491522     540674     102289          1          0 
    233754     233731     491522     540706     102430          1          0 
    233930     233909     491522     540706     102605          1          0 
    234234     234212     491522     540802     102352          1          0 
    233966     233945     491522     540674     102822          3          0 
    233338     233317     491522     540674     102195          1          0 
    233514     233494     491522     540674     102371          1          0 
    233686     233663     491522     540706     102361          1          0 
    235334     235312     491522     540738     103832          1          0 
    233686     233664     491522     540706     102363          1          0 
    233614     233595     491522     540674     102456          1          0 
    233514     233493     491522     540674     102358          1          0 
    234938     234919     491522     540674     103783          1          0 
    233418     233399     491522     540674     102282          1          0 
    234450     234428     491522     540770     102595          1          0 
    233546     233525     491522     540674     102388          1          0 
    233610     233592     491522     540706     102289          1          0 
    235342     235319     491522     540738     103848          1          0 
    233522     233502     491522     540706     102201          1          0 
    233938     233915     491522     540706     102398          1          0 
    233738     233718     491522     540706     102402          1          0 
    233694     233674     491522     540706     102374          1          0 
    234398     234378     491522     540706     103074          1          0 
    233510     233491     491522     540674     102368          1          0 
    234618     234598     491522     540674     103474          1          0 
    233202     233181     491522     540674     102060          1          0 
    250010     234833     491523     540874     102757          6          0 
    233358     233335     491522     540674     102218          1          0 
    233518     233500     491522     540674     102380          1          0 
    233594     233572     491522     540674     102456          1          0 
    234058     234036     491522     540674     102915          1          0 
    234058     234038     491522     540674     102920          1          0 
    233562     233543     491522     540674     102419          1          0 
    233554     233532     491522     540706     102234          1          0 
    234542     234522     491522     540674     103399          1          0 
    233766     233746     491522     540706     102452          1          0 
    233458     233435     491522     540706     102139          1          0 
    233738     233716     491522     540738     102281          1          0 
    233506     233486     491522     540674     102365          1          0 
    233526     233503     491522     540674     102380          1          0 
    233282     233262     491522     540674     102141          1          0 
    234162     234143     491522     540738     102654          1          0 
    233478     233456     491522     540674     102339          1          0 
    233410     233390     491522     540674     102267          1          0 
    233306     233282     491522     540674     102165          1          0 
    233514     233491     491522     540674     102372          1          0 
    233366     233344     491522     540674     102222          1          0 
    233502     233481     491522     540674     102359          1          0 
    233506     233482     491522     540674     102366          1          0 
    233246     233226     491522     540674     102106          1          0 
