
     Clock   Core cyc   Instruct       Uops   res.stl.   L1D Miss   CodeMiss 
   1119964     430681     491778     611076     129103        337          3 
    233468     233470     491522     540674     102345          3          0 
    233628     233626     491522     540674     102506          0          0 
    233364     233368     491522     540674     102245          0          0 
    233488     233489     491522     540674     102371          0          0 
    233420     233421     491522     540674     102297          0          0 
    234652     234651     491522     540674     103534          0          0 
    234152     234154     491522     540674     103029          0          0 
    233804     233804     491522     540674     102684          0          0 
    234500     234499     491522     540738     103032          0          0 
    255208     239169     491523     540938     105282         13          3 
    235204     235207     491522     540770     103551          2          0 
    234868     234867     491522     540770     103208          2          0 
    271548     237694     491523     540970     105092          6          3 
    238052     238055     491522     540802     105844          3          0 
    234488     234490     491522     540706     103170          3          0 
    235648     235649     491522     540740     103912          3          1 
    235480     235478     491522     540738     103999          2          0 
    234564     234564     491522     540738     103087          2          0 
    235136     235137     491522     540674     103998          3          0 
    237164     237163     491522     540738     105685          2          0 
    233504     233507     491522     540706     102205          2          0 
    234156     234157     491522     540706     102855          2          0 
    238632     238630     491522     540674     107495          2          0 
    233328     233329     491522     540674     102208          1          0 
    233484     233483     491522     540706     102182          1          0 
    233536     233538     491522     540706     102240          1          0 
    233728     233728     491522     540706     102420          1          0 
    236248     236251     491522     540706     104952          1          0 
    234712     234713     491522     540706     103359          2          0 
    234848     234851     491522     540802     103017          1          0 
    234824     234824     491522     540674     103702          1          0 
    233444     233444     491522     540674     102308          1          0 
    234516     234515     491522     540738     103024          1          0 
    236400     236404     491522     540674     105281          1          0 
    234268     234267     491522     540706     102795          1          1 
    233476     233477     491522     540706     102148          1          0 
    233624     233627     491522     540706     102321          1          0 
    233624     233624     491522     540674     102502          1          0 
    233264     233265     491522     540674     102147          1          0 
    233568     233569     491522     540706     102271          0          0 
    233440     233443     491522     540706     102137          0          0 
    233900     233898     491522     540770     102239          0          0 
    234348     234347     491522     540738     102869          0          0 
    233740     233740     491522     540738     102262          0          0 
    235308     235311     491522     540930     102759          0          0 
    234952     234956     491522     540802     103120          0          0 
    234032     234255     491522     540770     102381          1          0 
    233576     233816     491522     540738     102094          1          0 
    234380     234378     491522     540802     102530          0          0 
    233936     233938     491522     540674     102817          1          0 
    234216     234218     491522     540802     102384          0          0 
    233556     233557     491522     540674     102431          0          0 
    233728     233726     491522     540674     102604          0          0 
    233268     233268     491522     540674     102145          0          0 
    233908     233905     491522     540706     102606          0          0 
    233840     233842     491522     540674     102718          1          0 
    234512     234516     491522     540772     102791          1          0 
    233992     233996     491522     540770     102347          0          0 
    234720     234719     491522     540708     103349          1          0 
    233876     233877     491522     540706     102573          0          0 
    234628     234632     491522     540706     103333          0          0 
    233648     233649     491522     540706     102347          0          0 
    233756     233758     491522     540674     102479          0          0 
    233404     233405     491522     540706     102103          0          0 
    233504     233503     491522     540706     102203          0          0 
    233628     233632     491522     540674     102506          0          0 
    233824     233827     491522     540706     102323          0          1 
    234268     234273     491522     540674     103156          0          0 
    261488     234195     491523     540874     102322          7          1 
    233448     233447     491522     540674     102325          2          0 
    233544     233548     491522     540674     102423          2          0 
    233540     233540     491522     540674     102418          2          0 
    233240     233242     491522     540674     102117          2          0 
    234212     234214     491522     540674     103096          2          0 
    233732     233736     491522     540738     102252          2          0 
    233316     233317     491522     540674     102196          2          0 
    233932     233934     491522     540674     102812          2          0 
    233680     233681     491522     540738     102201          2          0 
    234412     234415     491522     540738     102925          2          0 
    233500     233503     491522     540706     102201          2          0 
    235488     235485     491522     540674     104367          2          0 
    233956     233958     491522     540706     102657          2          0 
    233508     233509     491522     540674     102387          2          0 
    233368     233370     491522     540674     102252          2          0 
    233680     233681     491522     540706     102385          2          0 
    233484     233487     491522     540674     102363          2          0 
    233564     233561     491522     540674     102446          2          0 
    233620     233622     491522     540706     102320          2          0 
    233864     233868     491522     540770     102199          2          0 
    233624     233625     491522     540738     102141          2          0 
    234772     234774     491522     540866     102578          2          0 
    233756     233761     491522     540738     102280          2          0 
    234348     234345     491522     540802     102258          2          1 
    233924     233926     491522     540674     102807          2          0 
    233892     233892     491522     540738     102397          2          0 
    233752     233754     491522     540706     102448          2          0 
    234260     234262     491522     540802     102410          2          0 
    234704     234706     491522     540834     102675          2          0 
    233448     233448     491522     540674     102311          2          0 
    233636     233635     491522     540674     102347          2          0 
    233364     233368     491522     540674     102243          2          0 
    233344     233341     491522     540674     102224          2          0 
    233324     233328     491522     540674     102211          2          0 
    233936     233937     491522     540770     102266          2          0 
    233684     233688     491522     540738     102206          2          0 
    233292     233292     491522     540674     102170          2          0 
    233644     233645     491522     540706     102344          2          0 
    233524     233526     491522     540674     102404          2          0 
    233480     233481     491522     540674     102362          2          0 
    233540     233539     491522     540674     102416          2          0 
    233468     233468     491522     540674     102342          2          0 
    233332     233335     491522     540674     102209          2          0 
    233324     233329     491522     540674     102212          2          0 
    233784     233784     491522     540706     102338          2          0 
    233692     233691     491522     540706     102393          2          0 
    233284     233288     491522     540674     102165          2          0 
    233080     233080     491522     540674     101961          2          0 
    233408     233410     491522     540674     102288          2          0 
    233300     233299     491522     540674     102180          2          0 
    233488     233490     491522     540674     102368          2          0 
    233320     233321     491522     540674     102207          2          0 
    233536     233536     491522     540674     102416          2          0 
    233380     233382     491522     540674     102259          2          0 
    233536     233537     491522     540674     102417          2          0 
    242752     234156     491523     540874     102364          6          0 
    233672     233675     491522     540674     102556          2          0 
    233360     233364     491522     540674     102242          2          0 
    233448     233447     491522     540674     102328          2          0 
    233392     233392     491522     540674     102271          2          0 
    233456     233456     491522     540674     102336          2          0 
    233416     233419     491522     540674     102296          2          0 
    233420     233422     491522     540674     102302          2          0 
    233456     233458     491522     540674     102334          2          0 
    233504     233503     491522     540674     102387          2          0 
    233448     233452     491522     540674     102328          2          0 
    233676     233675     491522     540674     102556          2          0 
    233344     233345     491522     540674     102220          2          0 
    233560     233557     491522     540674     102437          2          0 
    233588     233593     491522     540674     102474          2          0 
    233276     233278     491522     540674     102155          2          0 
    233404     233403     491522     540674     102281          2          0 
    233448     233449     491522     540674     102331          2          0 
    233336     233338     491522     540674     102220          2          0 
    233384     233383     491522     540674     102258          2          0 
    233392     233391     491522     540674     102273          2          0 
    233560     233557     491522     540674     102437          2          0 
    233440     233444     491522     540674     102322          2          0 
    233680     233679     491522     540674     102564          2          0 
    233312     233314     491522     540674     102191          2          0 
