
     Clock   Core cyc   Instruct       Uops   res.stl.   L1D Miss   CodeMiss 
   1119025     431064     491778     611166     129016        297          0 
    233602     233652     491522     540674     102487          3          0 
    233174     233179     491522     540674     102061          0          0 
    233446     233447     491522     540674     102321          0          0 
    233426     233429     491522     540674     102308          0          0 
    233394     233398     491522     540674     102275          0          0 
    233270     233272     491522     540674     102152          0          0 
    233186     233191     491522     540674     102071          0          0 
    233538     234184     491523     540874     102423          2          1 
    233362     233440     491522     540674     102242          5          0 
    233402     233404     491522     540674     102268          0          0 
    233482     233487     491522     540674     102364          0          0 
    233474     233473     491522     540674     102355          0          0 
    233466     233470     491522     540674     102348          0          0 
    233538     233539     491522     540674     102418          0          0 
    233446     233447     491522     540674     102324          0          0 
    233330     233332     491522     540674     102209          0          0 
    233318     233324     491522     540674     102204          0          0 
    233418     233419     491522     540674     102297          0          0 
    233298     233302     491522     540674     102183          0          0 
    233370     233374     491522     540674     102252          0          0 
    233310     233317     491522     540674     102192          0          0 
    233246     233246     491522     540674     102127          0          0 
    233310     233314     491522     540674     102191          0          0 
    233374     233377     491522     540674     102258          0          0 
    233466     233470     491522     540674     102346          0          0 
    233418     233419     491522     540674     102297          0          0 
    233298     233302     491522     540674     102183          0          0 
    233330     233332     491522     540674     102209          0          0 
    233398     233401     491522     540674     102281          0          0 
    233182     233184     491522     540674     102062          0          0 
    233446     233447     491522     540674     102324          0          0 
    233330     233332     491522     540674     102209          0          0 
    233482     233485     491522     540674     102363          0          0 
    233282     233286     491522     540674     102166          0          0 
    233298     233302     491522     540674     102183          0          0 
    233350     233350     491522     540674     102232          0          0 
    233258     233260     491522     540674     102136          0          0 
    233614     233617     491522     540674     102495          0          0 
    233402     233405     491522     540674     102280          0          0 
    233386     233391     491522     540674     102273          0          0 
    233326     233333     491522     540674     102211          0          0 
    233246     233246     491522     540674     102127          0          0 
    233370     233375     491522     540674     102259          0          0 
    233466     233468     491522     540674     102347          0          0 
    233498     233503     491522     540674     102380          0          0 
    233242     233246     491522     540674     102127          0          0 
    233398     233404     491522     540674     102278          0          0 
    233386     233391     491522     540674     102273          0          0 
    233398     233401     491522     540674     102281          0          0 
    233490     233493     491522     540674     102372          0          0 
    233366     233369     491522     540674     102245          0          0 
    233330     233335     491522     540674     102217          0          0 
    233342     233347     491522     540674     102223          0          0 
    233246     233246     491522     540674     102127          0          0 
    233454     233455     491522     540674     102334          0          0 
    233490     233491     491522     540674     102375          0          0 
    233430     233437     491522     540674     102313          0          0 
    233358     233360     491522     540674     102239          0          0 
    233170     233176     491522     540674     102052          0          0 
    233398     233402     491522     540674     102280          0          0 
    233466     233470     491522     540674     102348          0          0 
    233538     233539     491522     540674     102418          0          0 
    233442     233447     491522     540674     102324          0          0 
    243690     234101     491523     540874     102302          4          0 
    233366     233368     491522     540674     102214          1          0 
    233454     233455     491522     540674     102332          1          0 
    233438     233441     491522     540674     102323          1          0 
    233402     233409     491522     540674     102287          1          0 
    233338     233337     491522     540674     102216          1          0 
    233542     233546     491522     540674     102422          1          0 
    233434     233435     491522     540674     102312          1          0 
    233402     233409     491522     540674     102287          1          0 
    233450     233450     491522     540674     102328          1          0 
    233434     233437     491522     540674     102315          1          0 
    233406     233410     491522     540674     102286          1          0 
    233466     233469     491522     540674     102345          1          0 
    233458     233458     491522     540674     102339          1          0 
    233562     233565     491522     540674     102441          1          0 
    233306     233308     491522     540674     102191          1          0 
    233206     233210     491522     540674     102089          1          0 
    233422     233421     491522     540674     102300          1          0 
    233434     233437     491522     540674     102315          1          0 
    233366     233369     491522     540674     102251          1          0 
    233282     233287     491522     540674     102164          1          0 
    233562     233564     491522     540674     102447          1          0 
    233314     233316     491522     540674     102197          1          0 
    233366     233369     491522     540674     102251          1          0 
    233546     233547     491522     540674     102424          1          0 
    233198     233203     491522     540674     102086          1          0 
    233358     233363     491522     540674     102239          1          0 
    233446     233451     491522     540674     102334          1          0 
    233206     233210     491522     540674     102089          1          0 
    233330     233329     491522     540674     102206          1          0 
    233298     233301     491522     540674     102178          1          0 
    233282     233285     491522     540674     102168          1          0 
    233406     233410     491522     540674     102290          1          0 
    233202     233203     491522     540674     102086          1          0 
    233362     233363     491522     540674     102239          1          0 
    233410     233410     491522     540674     102286          1          0 
    233546     233547     491522     540674     102424          1          0 
    233330     233332     491522     540674     102214          1          0 
    233450     233455     491522     540674     102332          1          0 
    233422     233423     491522     540674     102299          1          0 
    233438     233444     491522     540674     102325          1          0 
    233454     233458     491522     540674     102339          1          0 
    233562     233565     491522     540674     102441          1          0 
    233426     233430     491522     540674     102307          1          0 
    233558     233562     491522     540674     102443          1          0 
    233510     233515     491522     540706     102210          1          0 
    233354     233358     491522     540674     102241          1          0 
    233802     233804     491522     540674     102682          1          0 
    234466     234471     491522     540706     102322          1          1 
    233582     233582     491522     540674     102470          1          0 
    233662     233665     491522     540706     102368          1          0 
    233314     233321     491522     540674     102197          1          0 
    233414     233415     491522     540674     102290          1          0 
    233178     233184     491522     540674     102060          1          0 
    233630     233631     491522     540674     102510          1          0 
    233258     233261     491522     540674     102140          1          0 
    241794     234096     491523     540874     102299          5          0 
    233562     233567     491522     540674     102408          1          0 
    234082     234085     491522     540674     102964          1          0 
    237738     237737     491522     540674     106621          1          0 
    235210     235216     491522     540674     104090          1          0 
    234306     234313     491522     540706     102779          1          0 
    233790     233794     491522     540706     102457          1          0 
    234590     234591     491522     540740     102819          2          1 
    234606     234608     491522     540706     103292          1          0 
    235238     235244     491522     540674     103977          2          0 
    236786     236789     491522     540834     103950          3          0 
    237522     237527     491522     540802     105428          3          2 
    236698     236697     491522     540834     104382          2          2 
    239430     239434     491522     540962     106329          1          1 
    237410     237414     491522     540834     105406          2          0 
    238102     238269     491522     541218     103985          1          0 
    238170     238169     491522     540962     105090          2          1 
    237566     237612     491522     540870     105240          4          0 
    238646     238695     491522     540962     105896          3          0 
    237434     237481     491522     540706     106139          2          0 
    233454     233504     491522     540674     102340          2          0 
    233342     233391     491522     540674     102225          2          0 
    233574     233622     491522     540674     102457          2          0 
    239762     239806     491522     540802     107919          2          0 
    234186     234235     491522     540738     102485          2          0 
    234446     234493     491522     540674     103329          2          0 
    236158     236200     491522     540674     105043          2          0 
    233518     233563     491522     540706     102224          2          0 
    235874     236124     491522     540706     104575          3          0 
    235482     235526     491522     540674     104337          2          0 
