
     Clock   Core cyc   Instruct       Uops   res.stl.   L1D Miss   CodeMiss 
   1108044     422194     491778     611078     132864        398          2 
    234125     234170     491522     540706     102805          4          0 
    234233     234248     491522     540802     102373          1          0 
    234021     234036     491522     540770     102351          1          0 
    235273     235298     491522     540706     103946          2          0 
    234689     234706     491522     540834     102650          1          0 
    234841     234860     491522     540802     102987          1          0 
    235157     235173     491522     540866     102933          1          0 
    234225     234242     491522     540834     102179          1          0 
    235501     235519     491522     540738     103584          1          0 
    234309     234324     491522     540834     102268          1          0 
    234217     234242     491522     540738     102716          1          0 
    237037     237055     491522     541122     103402          1          0 
    237961     238032     491522     541058     104693          2          0 
    239193     239209     491522     540930     106615          2          0 
    237373     237392     491522     541250     103036          1          0 
    243293     243477     491522     541666     105290          2          6 
    238325     238343     491522     541188     104242          2          0 
    236921     236946     491522     541058     103231          2          1 
    236925     236943     491522     540866     104032          2          1 
    237857     237878     491522     540932     104853          4          0 
    242053     242239     491522     541124     108245          4          0 
    237177     237203     491522     540930     104597          3          0 
    322041     236869     491523     540938     102545         16          3 
    236597     236572     491522     540740     105032          3          0 
    235413     235387     491522     540770     103732          2          0 
    236757     236733     491522     540770     105074          2          0 
    234529     234505     491522     540770     102849          1          0 
    234633     234609     491522     540802     102745          2          0 
    239017     238992     491522     541092     105468          2          0 
    239557     239536     491522     541284     104807          2          0 
    237921     237897     491522     540994     104991          1          0 
    235889     235863     491522     541058     102622          1          0 
    237989     237966     491522     540996     104535          2          2 
    237549     237527     491522     541122     103700          3          1 
    236749     236727     491522     541122     103121          1          0 
    235905     235880     491522     540994     102631          1          1 
    238381     238356     491522     541250     104019          1          0 
    236749     236727     491522     540930     104182          1          0 
    238057     238032     491522     541218     103590          1          1 
    238509     238485     491522     541250     104142          1          0 
    237501     237479     491522     540994     104111          0          1 
    239005     238980     491522     541218     104678          0          0 
    236361     236338     491522     541026     102979          0          0 
    238653     238628     491522     540996     105294          1          0 
    235789     235765     491522     541026     102686          1          0 
    235541     235517     491522     540898     103135          1          0 
    237141     237117     491522     541058     103831          0          0 
    240333     240857     491522     541540     104278          2          0 
    237213     237185     491522     541186     103200          1          0 
    237449     237426     491522     541218     103262          0          0 
    236493     236677     491522     541058     102952          1          1 
    237869     237847     491522     541156     103442          1          2 
    237949     237923     491522     541154     103887          0          2 
    236861     236835     491522     541090     103431          0          0 
    236549     236523     491522     540900     104064          2          0 
    235005     234980     491522     540866     102794          1          0 
    236361     236339     491522     541026     103011          1          0 
    237561     237537     491522     540930     104978          1          0 
    234469     234444     491522     540802     102610          1          0 
    235353     235330     491522     540834     103076          1          0 
    234825     234798     491522     540770     103143          1          0 
    235241     235215     491522     540802     103381          2          0 
    235485     235457     491522     540866     103045          1          1 
    235089     235287     491522     540802     103052          3          1 
    234453     234428     491522     540770     102769          1          0 
    234941     235938     491522     540834     102908          2          0 
    234961     234938     491522     540770     103273          2          0 
    236389     236366     491522     540834     104176          1          0 
    234573     234549     491522     540770     102887          1          0 
    234885     234862     491522     540770     103205          1          0 
    235049     235026     491522     540802     102967          1          1 
    234629     234605     491522     540770     102942          1          0 
    234509     234483     491522     540802     102371          1          0 
    234005     233984     491522     540706     102688          1          0 
    236589     236567     491522     540738     105057          3          0 
    234013     233987     491522     540738     102516          1          0 
    235289     235261     491522     540836     102881          2          1 
    267437     237875     491523     540938     104335          7          2 
    233993     233969     491522     540770     102315          1          0 
    233877     233853     491522     540738     102381          1          0 
    234705     235916     491522     540802     102847          2          0 
    233681     233656     491522     540674     102509          1          0 
    235109     235136     491522     540836     102987          3          0 
    236277     236252     491522     540770     104054          2          1 
    233857     233833     491522     540738     102355          1          0 
    236205     236178     491522     540930     103627          1          0 
    234377     234353     491522     540772     102622          2          0 
    235717     235842     491522     541090     102446          1          0 
    235701     235675     491522     540866     103249          1          0 
    235033     235010     491522     540898     102625          2          0 
    234081     234288     491522     540738     102577          2          0 
    236685     236659     491522     541028     103494          2          0 
    234589     234565     491522     540834     102553          1          0 
    237009     236983     491522     541218     102794          1          0 
    237861     237837     491522     541186     103851          1          0 
    235069     235046     491522     540898     102654          1          0 
    236717     236898     491522     541122     103051          2          0 
    235621     235600     491522     540994     102684          1          0 
    235209     235184     491522     540962     102456          1          0 
    236049     236024     491522     540994     103101          2          0 
    236201     236179     491522     541122     102573          1          0 
    235073     235050     491522     540898     102677          1          0 
    238057     238032     491522     540962     105270          1          0 
    237221     237197     491522     541090     103558          1          0 
    234953     234931     491522     540900     102488          2          0 
    241269     241243     491522     540866     108830          1          2 
    235429     235404     491522     540770     103743          1          0 
    236581     236559     491522     541058     103280          1          0 
    234997     234972     491522     540802     103131          1          0 
    234917     234896     491522     540866     102702          1          0 
    233953     233932     491522     540738     102441          1          0 
    235777     235923     491522     540994     102812          1          0 
    235437     235413     491522     540898     103057          1          0 
    235317     235291     491522     540898     102928          1          0 
    234473     234451     491522     540706     103151          2          0 
    234429     234406     491522     540834     102366          1          0 
    235313     235286     491522     540962     102528          1          0 
    235097     235318     491522     540834     103070          3          0 
    234309     234282     491522     540802     102436          1          0 
    234945     234923     491522     540706     103627          1          0 
    234933     235121     491522     540834     102505          2          3 
    235173     235150     491522     540834     103136          1          0 
    233853     233830     491522     540738     102338          1          0 
    233889     233861     491522     540674     102741          1          0 
    234521     234497     491522     540802     102612          1          0 
    234869     234847     491522     540898     102481          1          0 
    235917     235892     491522     540932     103264          3          0 
    235929     235906     491522     540962     102962          1          0 
    234909     234885     491522     540802     102824          1          1 
    235177     235155     491522     540738     103658          1          0 
    234033     234010     491522     540738     102526          1          0 
    233729     233707     491522     540738     102225          1          0 
    258521     236325     491523     541002     102915          7          2 
    233369     233348     491522     540674     102223          1          0 
    233993     233968     491522     540770     102299          1          0 
    234193     234170     491522     540708     102792          2          0 
    233989     233969     491522     540674     102851          2          0 
    233657     233631     491522     540674     102511          1          0 
    233485     233463     491522     540674     102337          1          0 
    233713     233690     491522     540676     102494          2          0 
    233693     233668     491522     540674     102547          1          0 
    233553     233532     491522     540674     102411          1          0 
    234109     234084     491522     540708     102719          2          0 
    234037     234014     491522     540706     102715          1          0 
    233577     233550     491522     540674     102431          1          0 
    233965     233940     491522     540706     102638          2          0 
    233873     233847     491522     540738     102370          1          0 
    234585     234563     491522     540770     102909          1          0 
    234633     234609     491522     540706     103301          1          0 
