
     Clock   Core cyc   Instruct       Uops   res.stl.   L1D Miss   CodeMiss 
   1161294     444076     491778     611383     127758        359          2 
    234703     234726     491522     540676     103474          4          0 
    234475     234496     491522     540674     103319          2          0 
    233443     233468     491522     540674     102293          2          0 
    236075     236099     491522     540674     104928          2          0 
    233387     233411     491522     540674     102236          2          0 
    235627     235651     491522     540738     103846          2          1 
    236059     236074     491522     540770     104368          2          0 
    234931     234947     491522     540674     103777          2          0 
    234155     234168     491522     540674     103001          2          0 
    233319     233341     491522     540674     102168          2          0 
    233599     233622     491522     540674     102449          2          0 
    234211     234232     491522     540770     102507          2          0 
    233591     233604     491522     540706     102264          2          0 
    235379     235405     491522     540770     103693          2          0 
    267727     234645     491523     540906     102542          6          3 
    233695     233666     491522     540674     102546          1          0 
    233831     233803     491522     540706     102503          1          0 
    234611     234583     491522     540738     103106          1          0 
    236667     236637     491522     540866     104447          1          0 
    239187     239156     491522     540770     107495          2          0 
    233595     233564     491522     540706     102260          1          0 
    234315     234288     491522     540738     102811          1          0 
    234167     234139     491522     540770     102482          1          0 
    234387     234358     491522     540834     102348          1          0 
    234687     234657     491522     540770     102983          1          0 
    233607     233577     491522     540674     102453          1          0 
    234691     234662     491522     540802     102816          3          0 
    233595     233564     491522     540706     102266          1          0 
    234983     234956     491522     540930     102391          1          0 
    234455     234425     491522     540770     102584          1          0 
    234919     234889     491522     540802     103048          1          0 
    235283     235254     491522     540962     102519          1          0 
    236391     236363     491522     540834     103981          2          3 
    234283     234252     491522     540706     102918          1          0 
    234527     234498     491522     540770     102836          1          0 
    234823     234797     491522     540834     102782          1          0 
    234427     234399     491522     540834     102387          1          0 
    234823     234793     491522     540706     103325          1          0 
    235015     234985     491522     540738     103512          1          0 
    240735     240702     491522     540706     109398          0          0 
    234055     234023     491522     540738     102551          0          0 
    233355     233326     491522     540674     102204          0          0 
    234011     233980     491522     540674     102856          0          0 
    236691     236660     491522     540706     103549          0          0 
    233655     233625     491522     540674     102507          0          0 
    233427     233397     491522     540674     102270          0          0 
    233471     233439     491522     540674     102316          0          0 
    233923     233893     491522     540706     102588          0          0 
    233727     233695     491522     540738     102222          0          0 
    234023     233991     491522     540706     102692          0          0 
    233647     233619     491522     540706     102315          0          0 
    234579     234547     491522     540674     103428          1          0 
    236591     236562     491522     540674     105441          0          0 
    236063     236032     491522     540674     104913          0          0 
    233435     233409     491522     540674     102290          0          0 
    233639     233608     491522     540706     102306          0          0 
    233695     233668     491522     540674     102544          0          0 
    233311     233277     491522     540674     102156          0          0 
    234059     234029     491522     540738     102546          0          0 
    234143     234113     491522     540802     102281          0          0 
    233939     233906     491522     540738     102424          0          0 
    234115     234085     491522     540674     102967          1          0 
    234471     234440     491522     540674     103322          1          0 
    234119     234088     491522     540738     102608          1          0 
    233595     233567     491522     540674     102445          1          0 
    233603     233573     491522     540674     102456          1          0 
    234547     234517     491522     540674     103397          1          0 
    238835     238802     491522     540674     107681          1          0 
    233547     233517     491522     540674     102275          1          0 
    247431     234174     491523     540874     102349          5          2 
    235071     235042     491522     540770     102366          1          3 
    234271     234240     491522     540674     103116          1          0 
    233531     233501     491522     540674     102380          1          0 
    234835     234807     491522     540674     103686          1          0 
    233471     233440     491522     540674     102322          1          0 
    233443     233410     491522     540674     102290          1          0 
    234243     234215     491522     540674     103090          1          0 
    233491     233460     491522     540674     102340          1          0 
    233471     233444     491522     540674     102324          1          0 
    233331     233297     491522     540674     102175          1          0 
    234619     234591     491522     540706     103288          1          0 
    234011     233981     491522     540770     102315          1          0 
    233991     233957     491522     540738     102480          1          0 
    233387     233359     491522     540674     102236          1          0 
    233587     233559     491522     540706     102261          1          0 
    233695     233664     491522     540706     102360          1          0 
    233915     233884     491522     540706     102577          1          0 
    233475     233444     491522     540674     102322          1          0 
    233447     233420     491522     540674     102295          1          0 
    233611     233578     491522     540674     102459          1          0 
    233463     233433     491522     540674     102307          1          0 
    233615     233587     491522     540674     102470          1          0 
    233427     233399     491522     540674     102282          1          0 
    233383     233354     491522     540674     102233          1          0 
    233415     233385     491522     540674     102264          1          0 
    233547     233515     491522     540674     102395          1          0 
    233511     233479     491522     540674     102354          1          0 
    233383     233352     491522     540674     102236          1          0 
    233415     233386     491522     540674     102262          1          0 
    233407     233376     491522     540674     102257          1          0 
    233335     233306     491522     540674     102182          1          0 
    233427     233395     491522     540674     102275          1          0 
    233563     233535     491522     540674     102414          1          0 
    233543     233512     491522     540674     102391          1          0 
    233635     233607     491522     540674     102482          1          0 
    233419     233388     491522     540674     102268          1          0 
    233499     233469     491522     540674     102347          1          0 
    233547     233515     491522     540674     102395          1          0 
    233619     233592     491522     540674     102471          1          0 
    233611     233578     491522     540674     102459          1          0 
    233295     233268     491522     540674     102144          1          0 
    233479     233446     491522     540674     102326          1          0 
    233415     233384     491522     540674     102262          1          0 
    233383     233354     491522     540674     102233          1          0 
    233439     233410     491522     540674     102288          1          0 
    233511     233483     491522     540674     102363          1          0 
    233555     233526     491522     540706     102225          1          0 
    233847     233817     491522     540676     102623          2          0 
    233615     233585     491522     540674     102461          1          0 
    233535     233506     491522     540674     102384          1          0 
    233671     233640     491522     540706     102339          1          0 
    233319     233288     491522     540674     102169          1          0 
    233363     233334     491522     540674     102216          1          0 
    234419     234391     491522     540770     102734          1          0 
    234495     234466     491522     540770     102807          1          0 
    265967     234854     491523     540908     102707          8          2 
    234431     234402     491522     540676     103210          2          0 
    233867     233838     491522     540738     102358          1          0 
    234299     234268     491522     540770     102615          1          0 
    234859     234831     491522     540802     102582          1          2 
    235543     235512     491522     540834     103075          1          1 
    235507     235473     491522     540804     103554          3          0 
    235111     235083     491522     540866     102547          1          1 
    234831     234803     491522     540802     102963          1          0 
    236203     236172     491522     540806     104170          3          0 
    238719     238693     491522     541090     104577          2          3 
    235611     235585     491522     540866     103398          1          0 
    235723     235690     491522     540930     103187          1          2 
    234895     234866     491522     540866     102653          1          0 
    237031     237002     491522     541124     102892          3          1 
    235623     235592     491522     540898     103218          1          0 
    235783     235754     491522     541058     102480          1          0 
    234191     234157     491522     540802     102325          1          0 
    233871     233840     491522     540770     102169          1          0 
    235223     235191     491522     540962     102461          1          0 
    235363     235331     491522     540994     102406          1          0 
    236179     236153     491522     540930     103592          2          0 
    237635     237603     491522     541090     104006          1          0 
    236671     236642     491522     541154     102868          1          0 
