
     Clock   Core cyc   Instruct       Uops   res.stl.   L1D Miss   CodeMiss 
   1141518     433686     491778     611111     131082        284         12 
    237579     237549     491522     540738     105800          3          0 
    233655     233832     491522     540674     102474          2          0 
    233631     233600     491522     540674     102463          1          0 
    233623     233593     491522     540706     102292          1          0 
    233567     233538     491522     540674     102407          1          0 
    233319     233290     491522     540674     102160          1          0 
    233739     233708     491522     540674     102589          1          0 
    234151     234120     491522     540802     102284          1          0 
    234251     234219     491522     540802     102379          1          0 
    233691     233662     491522     540674     102542          2          0 
    234599     234570     491522     540706     103265          1          0 
    235359     235329     491522     540898     102957          1          0 
    234147     234113     491522     540674     102994          3          0 
    235163     235132     491522     540738     103653          2          0 
    234587     234556     491522     540770     102902          2          0 
    233759     233728     491522     540706     102428          2          0 
    233767     233740     491522     540706     102434          2          0 
    235055     235024     491522     540674     103903          2          0 
    234179     234150     491522     540738     102487          2          1 
    233699     233671     491522     540706     102369          2          0 
    234219     234191     491522     540738     102506          2          2 
    234227     234195     491522     540674     103081          2          0 
    233783     233755     491522     540738     102273          2          0 
    234187     234157     491522     540770     102499          1          0 
    234307     234276     491522     540738     102788          1          0 
    234919     234888     491522     540834     102591          1          2 
    233679     233647     491522     540706     102352          1          0 
    236751     236719     491522     540994     103804          1          0 
    233743     233709     491522     540738     102228          1          0 
    234343     234312     491522     540738     102728          1          0 
    233291     233262     491522     540674     101982          1          0 
    234207     234496     491522     540706     102884          3          0 
    233699     233671     491522     540674     102553          2          0 
    233447     233415     491522     540674     102291          2          0 
    233595     233565     491522     540706     102270          2          0 
    233391     233360     491522     540674     102239          2          0 
    233323     233291     491522     540674     102167          2          0 
    234899     235069     491522     540674     103745          3          0 
    233599     233571     491522     540674     102450          2          0 
    233647     233617     491522     540706     102316          1          0 
    233455     233428     491522     540674     102306          1          0 
    233463     233434     491522     540674     102313          1          0 
    233459     233428     491522     540674     102308          1          0 
    233607     233577     491522     540674     102311          1          0 
    234003     233973     491522     540706     102674          1          0 
    251683     234893     491523     540874     102433         11          3 
    233423     233390     491522     540674     102271          1          0 
    233459     233431     491522     540674     102306          1          0 
    233523     233490     491522     540674     102372          1          0 
    233447     233419     491522     540674     102295          1          0 
    233403     233371     491522     540674     102254          1          0 
    233447     233420     491522     540674     102293          1          0 
    233331     233301     491522     540674     102182          1          0 
    233615     233584     491522     540674     102465          1          0 
    233339     233310     491522     540674     102192          1          0 
    233455     233426     491522     540674     102307          1          0 
    233463     233434     491522     540674     102317          1          0 
    233451     233419     491522     540674     102295          1          0 
    233447     233413     491522     540674     102298          1          0 
    233435     233405     491522     540674     102286          1          0 
    233291     233259     491522     540674     102138          1          0 
    233383     233355     491522     540674     102237          1          0 
    233447     233413     491522     540674     102292          1          0 
    233367     233337     491522     540674     102213          1          0 
    233503     233471     491522     540674     102351          1          0 
    233331     233301     491522     540674     102177          1          0 
    233391     233361     491522     540674     102245          1          0 
    233403     233374     491522     540674     102252          1          0 
    233183     233149     491522     540674     102031          1          0 
    233475     233446     491522     540674     102323          1          0 
    233387     233358     491522     540674     102239          1          0 
    233591     233563     491522     540674     102444          1          0 
    233399     233369     491522     540674     102253          1          0 
    233495     233469     491522     540674     102349          1          0 
    233091     233058     491522     540674     101942          1          0 
    233523     233495     491522     540674     102372          1          0 
    233451     233420     491522     540674     102302          1          0 
    233687     233657     491522     540674     102537          1          0 
    233383     233353     491522     540674     102237          1          0 
    233379     233351     491522     540674     102229          1          0 
    233467     233436     491522     540674     102316          1          0 
    233339     233310     491522     540674     102187          1          0 
    233419     233387     491522     540674     102268          1          0 
    233367     233337     491522     540674     102213          1          0 
    233379     233347     491522     540674     102230          1          0 
    233451     233422     491522     540674     102302          1          0 
    233515     233487     491522     540674     102364          1          0 
    233259     233229     491522     540674     102106          1          0 
    233515     233481     491522     540674     102361          1          0 
    233371     233341     491522     540674     102219          1          0 
    233479     233447     491522     540674     102330          1          0 
    233359     233329     491522     540674     102205          1          0 
    233183     233149     491522     540674     102031          1          0 
    233439     233412     491522     540674     102288          1          0 
    233495     233464     491522     540674     102343          1          0 
    233491     233464     491522     540674     102343          1          0 
    233431     233401     491522     540674     102286          1          0 
    233543     233515     491522     540674     102390          1          0 
    233495     233464     491522     540674     102343          1          0 
    233491     233464     491522     540674     102343          1          0 
    233467     233436     491522     540674     102316          1          0 
    278155     234653     491523     540874     102588          7          3 
    233235     233207     491522     540674     102091          1          0 
    233399     233368     491522     540674     102244          1          0 
    233427     233397     491522     540674     102280          1          0 
    233487     233457     491522     540674     102332          1          0 
    233591     233563     491522     540674     102441          1          0 
    233211     233185     491522     540674     102063          1          0 
    233415     233385     491522     540674     102262          1          0 
    233463     233435     491522     540674     102316          1          0 
    233503     233474     491522     540674     102356          1          0 
    233395     233364     491522     540674     102240          1          0 
    233563     233532     491522     540674     102414          1          0 
    233511     233480     491522     540674     102356          1          0 
    233503     233474     491522     540674     102356          1          0 
    233215     233185     491522     540674     102063          1          0 
    233427     233396     491522     540674     102279          1          0 
    233543     233511     491522     540674     102391          1          0 
    233455     233426     491522     540674     102308          1          0 
    233635     233605     491522     540674     102480          1          0 
    233419     233386     491522     540674     102263          1          0 
    233327     233297     491522     540674     102174          1          0 
    233575     233544     491522     540674     102423          1          0 
    233551     233520     491522     540674     102396          1          0 
    233339     233307     491522     540674     102185          1          0 
    233359     233328     491522     540674     102209          1          0 
    233379     233348     491522     540674     102228          1          0 
    233383     233353     491522     540674     102235          1          0 
    233507     233477     491522     540674     102356          1          0 
    233359     233329     491522     540674     102205          1          0 
    233495     233463     491522     540674     102344          1          0 
    233331     233302     491522     540674     102178          1          0 
    233435     233403     491522     540674     102281          1          0 
    233491     233463     491522     540674     102338          1          0 
    233419     233387     491522     540674     102268          1          0 
    233215     233185     491522     540674     102063          1          0 
    233271     233240     491522     540674     102122          1          0 
    233323     233297     491522     540674     102173          1          0 
    233487     233456     491522     540674     102339          1          0 
    233451     233424     491522     540674     102300          1          0 
    233383     233354     491522     540674     102235          1          0 
    233491     233462     491522     540674     102342          1          0 
    233411     233379     491522     540674     102260          1          0 
    233635     233605     491522     540674     102480          1          0 
    233563     233535     491522     540674     102419          1          0 
    233571     233544     491522     540674     102418          1          0 
    233435     233404     491522     540674     102284          1          0 
    233343     233311     491522     540674     102187          1          0 
    233407     233373     491522     540674     102250          1          0 
