
     Clock   Core cyc   Instruct       Uops   res.stl.   L1D Miss   CodeMiss 
   1081816     422659     491778     611383     130357        295          1 
    233708     233759     491522     540674     102593          4          0 
    270120     234737     491523     540874     102686          7          3 
    233644     233644     491522     540674     102521          1          0 
    233660     233664     491522     540674     102542          1          0 
    233552     233551     491522     540674     102429          1          0 
    233432     233432     491522     540674     102310          1          0 
    233544     233543     491522     540674     102424          1          0 
    233440     233442     491522     540674     102320          1          0 
    233536     233539     491522     540706     102241          1          0 
    233568     233565     491522     540674     102442          1          0 
    233584     233586     491522     540674     102468          1          0 
    234496     234499     491522     540802     102671          1          0 
    233648     233648     491522     540706     102343          1          0 
    233892     233893     491522     540738     102422          1          0 
    234328     234330     491522     540770     102666          1          0 
    234356     234356     491522     540706     103057          1          0 
    234764     234765     491522     540674     103643          1          0 
    234604     234605     491522     540834     102589          1          0 
    236568     236569     491522     540802     104513          7          2 
    234664     234664     491522     540770     102832          1          0 
    235836     235836     491522     540834     103577          6          1 
    235408     235406     491522     540740     103651          3          2 
    234804     234805     491522     540802     102791          1          1 
    234420     234420     491522     540738     102662          1          1 
    236320     236566     491522     540866     103844          7          1 
    234340     234337     491522     540738     102862          1          0 
    237036     237040     491522     540834     104817          2          2 
    235704     235706     491522     540802     103871          1          0 
    235572     235575     491522     540770     103914          1          0 
    234104     234104     491522     540770     102450          1          0 
    233852     233856     491522     540738     102378          1          0 
    235644     235644     491522     540674     104527          1          0 
    234744     234745     491522     540834     102504          1          1 
    234428     234431     491522     540706     103131          2          0 
    234832     234832     491522     540738     103139          1          1 
    233524     233525     491522     540674     102406          1          0 
    233568     233570     491522     540674     102448          1          0 
    234008     234010     491522     540706     102713          1          0 
    233416     233417     491522     540674     102294          1          0 
    235364     235363     491522     540834     103159          1          1 
    233840     233845     491522     540706     102541          0          0 
    233536     233537     491522     540674     102414          0          0 
    235068     235286     491522     540738     103065          1          2 
    233512     233742     491522     540674     102390          1          0 
    234104     234326     491522     540674     102986          1          0 
    233904     233901     491522     540674     102783          0          0 
    234244     234492     491522     540674     103120          1          0 
    235584     235583     491522     540674     104462          0          0 
    234056     234058     491522     540674     102931          0          0 
    233992     233990     491522     540674     102869          0          0 
    234104     234109     491522     540674     102983          1          0 
    234564     234564     491522     540674     103440          0          0 
    234000     234972     491522     540674     102880          1          0 
    234180     234180     491522     540674     103061          0          0 
    234480     234709     491522     540674     103322          1          0 
    234284     234500     491522     540674     103013          1          0 
    235164     235423     491522     540674     104046          2          0 
    252888     236035     491523     540874     103544          6          1 
    233552     233770     491522     540674     102432          2          0 
    234480     234819     491522     540674     103361          2          0 
    238228     238442     491522     540706     106926          2          0 
    235468     235685     491522     540674     104348          2          0 
    234044     234259     491522     540674     102911          2          0 
    233672     233889     491522     540674     102554          2          0 
    233892     234147     491522     540674     102768          2          0 
    235544     235543     491522     540674     104420          1          0 
    233484     233484     491522     540674     102363          1          0 
    234400     234400     491522     540674     103280          1          0 
    234780     235011     491522     540740     103236          3          0 
    234100     234100     491522     540674     102977          1          0 
    233560     233564     491522     540674     102442          1          0 
    233608     233608     491522     540674     102488          1          0 
    234152     234420     491522     540738     102672          2          0 
    233368     233369     491522     540674     102250          1          0 
    234856     234861     491522     540674     103744          1          0 
    233652     233653     491522     540674     102534          1          0 
    233528     233529     491522     540674     102408          1          0 
    235068     235066     491522     540802     103219          1          0 
    234668     234672     491522     540706     103366          1          0 
    233900     234126     491522     540674     102780          2          0 
    234084     234386     491522     540674     102967          2          0 
    233864     233864     491522     540674     102748          1          0 
    233940     233943     491522     540706     102644          1          0 
    234772     234774     491522     540674     103655          1          0 
    233396     233398     491522     540674     102275          1          0 
    233416     233416     491522     540674     102294          1          0 
    233588     233588     491522     540674     102469          1          0 
    233944     234218     491522     540706     102645          2          0 
    233608     233609     491522     540674     102487          1          0 
    233600     233867     491522     540674     102485          2          0 
    233596     233598     491522     540674     102477          1          0 
    233568     233570     491522     540674     102454          1          0 
    233636     233854     491522     540674     102513          2          0 
    233712     233930     491522     540674     102596          2          0 
    234052     234050     491522     540706     102755          1          0 
    233436     233440     491522     540674     102316          1          0 
    234024     234028     491522     540738     102547          1          0 
    233480     233479     491522     540674     102356          1          0 
    234172     234395     491522     540674     103058          2          0 
    233780     233780     491522     540674     102662          1          0 
    233672     233674     491522     540674     102554          1          0 
    234632     234862     491522     540674     103513          2          0 
    233836     233840     491522     540674     102721          1          0 
    233928     234205     491522     540674     102811          2          0 
    234836     234839     491522     540674     103717          1          0 
    233544     233542     491522     540674     102425          1          0 
    235284     235512     491522     540674     104163          2          0 
    234328     234329     491522     540674     103207          1          0 
    233700     233701     491522     540674     102580          1          0 
    233544     233806     491522     540674     102421          2          0 
    233468     233469     491522     540674     102349          1          0 
    233744     233748     491522     540706     102445          1          0 
    234312     235914     491522     540674     103197          2          0 
    260388     235173     491523     540874     102601          6          2 
    233608     233607     491522     540674     102488          1          0 
    235508     235918     491522     540674     104383          2          0 
    235320     235321     491522     540674     104200          1          0 
    233608     233609     491522     540674     102485          1          0 
    235452     235453     491522     540674     104336          1          0 
    236220     236583     491522     540674     105099          2          0 
    234288     234515     491522     540674     103170          2          0 
    234048     234325     491522     540674     102931          2          0 
    234276     234545     491522     540674     103155          2          0 
    235168     235391     491522     540674     104046          2          0 
    234180     234180     491522     540674     103062          1          0 
    234072     234339     491522     540674     102949          2          0 
    234176     234544     491522     540674     103053          2          0 
    233700     233921     491522     540674     102579          2          0 
    235340     235565     491522     540706     104039          2          0 
    235612     235614     491522     540738     104136          1          0 
    235112     235338     491522     540674     103992          2          0 
    235732     235734     491522     540706     104434          1          0 
    235824     235826     491522     540706     104526          1          0 
    234428     234674     491522     540738     102941          2          0 
    234176     234549     491522     540674     103015          2          0 
    235964     235968     491522     540674     104804          1          0 
    238224     238225     491522     540706     106882          1          0 
    235364     235369     491522     540706     103895          1          0 
    235048     235281     491522     540706     103707          2          0 
    234568     234567     491522     540708     103010          2          0 
    234008     234011     491522     540674     102891          1          0 
    233276     233273     491522     540674     102152          1          0 
    233996     234224     491522     540706     102460          2          2 
    233492     233493     491522     540674     102371          1          0 
    234280     234548     491522     540738     102793          2          0 
    233476     233476     491522     540674     102359          1          0 
    233544     233546     491522     540674     102421          1          0 
    233288     233285     491522     540674     102169          1          0 
    233572     233574     491522     540674     102452          1          0 
