
     Clock   Core cyc   Instruct       Uops   res.stl.   L1D Miss   CodeMiss 
   1080008     420279     491778     611076     131161        369          3 
    233412     233452     491522     540674     102292          6          0 
    233356     233355     491522     540674     102233          1          0 
    233528     233531     491522     540674     102407          1          0 
    233576     233575     491522     540674     102455          1          0 
    233376     233380     491522     540674     102260          1          0 
    233348     233346     491522     540674     102228          1          0 
    233416     233419     491522     540674     102302          1          0 
    233360     233361     491522     540674     102242          1          0 
    233516     233515     491522     540674     102394          1          0 
    233612     233610     491522     540674     102492          1          0 
    233264     233264     491522     540674     102143          1          0 
    233404     233404     491522     540674     102287          1          0 
    233420     233419     491522     540674     102300          1          0 
    233364     233366     491522     540674     102244          1          0 
    233220     233223     491522     540674     102098          1          0 
    233440     233438     491522     540674     102317          1          0 
    233280     233279     491522     540674     102153          1          0 
    233504     233503     491522     540674     102384          1          0 
    233496     233495     491522     540674     102375          1          0 
    233524     233525     491522     540674     102406          1          0 
    233504     233509     491522     540674     102386          1          0 
    233476     233474     491522     540674     102354          1          0 
    233284     233287     491522     540674     102167          1          0 
    233400     233401     491522     540674     102282          0          0 
    233380     233384     491522     540674     102261          0          0 
    233180     233177     491522     540674     102057          0          0 
    233236     233238     491522     540674     102116          0          0 
    233272     233271     491522     540674     102152          0          0 
    233584     233589     491522     540674     102467          0          0 
    233312     233312     491522     540674     102194          0          0 
    233332     233334     491522     540674     102216          0          0 
    233500     233500     491522     540674     102381          0          0 
    233304     233303     491522     540674     102183          0          0 
    233436     233436     491522     540674     102313          0          0 
    233424     233424     491522     540674     102301          0          0 
    233316     233319     491522     540674     102201          0          0 
    233424     233424     491522     540674     102305          0          0 
    233432     233435     491522     540674     102312          0          0 
    233348     233350     491522     540674     102229          0          0 
    233348     233351     491522     540674     102232          0          0 
    251200     234353     491523     540874     102340          9          2 
    233448     233447     491522     540674     102328          1          0 
    233504     233505     491522     540674     102383          1          0 
    233556     233556     491522     540674     102439          1          0 
    233368     233372     491522     540674     102249          1          0 
    233588     233589     491522     540674     102472          1          0 
    233412     233416     491522     540674     102292          1          0 
    233676     233678     491522     540676     102490          2          0 
    233576     233575     491522     540674     102455          1          0 
    233504     233504     491522     540706     102191          1          0 
    234640     234644     491522     540674     103523          1          0 
    233200     233200     491522     540674     102077          1          0 
    235680     235678     491522     540738     104165          1          0 
    233868     233869     491522     540674     102711          1          0 
    234160     234160     491522     540706     102862          1          0 
    233784     233785     491522     540706     102484          1          0 
    234184     234182     491522     540674     103046          1          0 
    233284     233284     491522     540674     102160          1          0 
    233732     233734     491522     540706     102441          1          0 
    233552     233554     491522     540674     102431          1          0 
    233388     233387     491522     540674     102263          1          0 
    234852     234855     491522     540674     103734          1          0 
    233928     233931     491522     540706     102630          1          0 
    235496     235498     491522     540676     104300          2          0 
    234820     234820     491522     540770     102880          1          0 
    238976     238978     491522     540932     106107          3          1 
    237368     237367     491522     540836     105037          3          2 
    234900     234901     491522     540802     102715          1          0 
    237552     237554     491522     540994     104370          3          3 
    238104     238104     491522     540994     104839          1          0 
    239916     240114     491522     541124     105961          6          1 
    237836     237836     491522     540932     104912          2          2 
    235232     235235     491522     540738     103487          2          0 
    237468     237471     491522     540834     105463          1          0 
    234832     234832     491522     540866     102638          1          0 
    236396     236398     491522     540898     103365          1          3 
    238256     238255     491522     540770     106399          1          0 
    234076     234075     491522     540706     102609          1          1 
    233552     233786     491522     540674     102433          2          0 
    234164     234167     491522     540676     102958          2          0 
    233632     233630     491522     540674     102508          1          0 
    234376     234376     491522     540770     102708          1          0 
    233992     233995     491522     540674     102874          1          0 
    233576     233574     491522     540674     102452          1          0 
    234268     234269     491522     540674     103143          1          0 
    235948     235946     491522     540674     104826          1          0 
    235652     235654     491522     540674     104531          1          0 
    233384     233381     491522     540674     102265          1          0 
    236012     236014     491522     540706     104711          1          0 
    233764     233762     491522     540706     102462          1          0 
    235160     235164     491522     540738     103466          1          2 
    233736     233741     491522     540706     102428          1          0 
    233524     233527     491522     540674     102409          1          0 
    233428     233430     491522     540674     102306          1          0 
    234128     234128     491522     540706     102827          1          0 
    271048     234177     491523     540874     102331          8          2 
    233548     233551     491522     540674     102436          1          0 
    233444     233445     491522     540674     102323          1          0 
    233792     233796     491522     540674     102673          1          0 
    233844     233847     491522     540738     102364          1          0 
    234372     234370     491522     540738     102889          1          0 
    234924     234928     491522     540738     102507          1          0 
    239124     239126     491522     540770     107461          1          0 
    233448     233449     491522     540674     102332          1          0 
    233864     233866     491522     540738     102217          1          1 
    234916     234918     491522     540802     102797          1          1 
    233896     233893     491522     540738     102421          1          0 
    234496     234498     491522     540834     102484          1          0 
    234172     234173     491522     540770     102511          1          0 
    233816     233819     491522     540738     102339          1          0 
    234660     234968     491522     540834     102655          2          0 
    234932     234932     491522     540770     103280          2          0 
    233360     233360     491522     540674     102242          1          0 
    233344     233344     491522     540674     102224          1          0 
    234052     234054     491522     540770     102372          1          0 
    235916     235915     491522     540802     103869          1          2 
    233568     233568     491522     540706     102258          1          0 
    233936     233940     491522     540738     102459          1          0 
    233636     233637     491522     540706     102339          1          0 
    234244     234246     491522     540738     102769          1          0 
    234052     234050     491522     540770     102393          1          0 
    234308     234310     491522     540674     103191          1          0 
    242996     242997     491522     540706     111369          1          0 
    233536     233540     491522     540674     102414          1          0 
    233132     233134     491522     540674     102012          1          0 
    233736     233739     491522     540738     102253          1          0 
    233364     233364     491522     540674     102239          1          0 
    233512     233514     491522     540674     102393          1          0 
    233392     233394     491522     540674     102271          1          0 
    233644     233644     491522     540706     102348          1          0 
    234024     234026     491522     540738     102532          1          0 
    233744     233745     491522     540706     102450          1          0 
    234124     234124     491522     540674     103004          1          0 
    233660     233664     491522     540706     102366          1          0 
    233288     233286     491522     540674     102164          1          0 
    233760     233759     491522     540674     102639          1          0 
    238008     238008     491522     540706     106709          1          0 
    233472     233473     491522     540674     102348          1          0 
    233232     233233     491522     540674     102112          1          0 
    233372     233373     491522     540674     102252          1          0 
    234828     234825     491522     540674     103707          1          0 
    233388     233388     491522     540674     102264          1          0 
    234184     234187     491522     540738     102460          1          2 
    233592     233593     491522     540706     102288          1          0 
    233364     233366     491522     540674     102248          1          0 
    233588     233590     491522     540676     102392          2          0 
    233540     233538     491522     540706     102238          1          0 
    233760     233760     491522     540706     102466          1          0 
    233332     233335     491522     540674     102214          1          0 
