
     Clock   Core cyc   Instruct       Uops   res.stl.   L1D Miss   CodeMiss 
   1124405     432629     491778     611074     130418        305          3 
    234667     234685     491522     540834     102594          3          0 
    234275     234248     491522     540706     102949          1          0 
    233679     233649     491522     540706     102352          1          0 
    233543     233516     491522     540674     102382          1          0 
    233971     233942     491522     540738     102465          1          0 
    233631     233600     491522     540706     102301          1          0 
    233943     233911     491522     540738     102428          1          0 
    235187     235159     491522     540770     103497          1          0 
    273987     237081     491523     540938     103816         14          2 
    233287     233255     491522     540674     102136          1          0 
    233519     233489     491522     540674     102369          1          0 
    233883     233855     491522     540706     102558          1          0 
    233479     233447     491522     540674     102331          1          0 
    233707     233677     491522     540674     102558          2          0 
    233419     233386     491522     540674     102265          1          0 
    233531     233499     491522     540674     102381          1          0 
    233763     233733     491522     540706     102435          1          0 
    235047     235016     491522     540674     103889          2          0 
    233775     233744     491522     540706     102442          1          0 
    233435     233404     491522     540674     102283          1          0 
    234107     234076     491522     540738     102583          1          0 
    233603     233572     491522     540674     102450          1          0 
    238107     238076     491522     540802     106017          1          1 
    233539     233708     491522     540674     102386          2          0 
    233791     233761     491522     540738     102265          1          0 
    233203     233171     491522     540674     102048          1          0 
    233927     233900     491522     540738     102227          1          1 
    233283     233253     491522     540674     102130          1          0 
    233435     233409     491522     540706     102112          1          0 
    233867     233838     491522     540738     102333          1          0 
    233671     233640     491522     540706     102329          1          0 
    235099     235067     491522     540898     102698          1          0 
    233887     233856     491522     540738     102377          1          0 
    235479     235450     491522     540930     102537          1          1 
    233891     233861     491522     540706     102560          1          0 
    233691     233659     491522     540706     102367          1          0 
    233395     233367     491522     540674     102241          1          0 
    233951     233920     491522     540738     102442          1          0 
    235287     235253     491522     540802     103276          1          0 
    234743     234716     491522     540898     102335          0          0 
    235075     235045     491522     540706     103742          0          0 
    234663     234636     491522     540866     102481          0          0 
    233619     233590     491522     540706     102292          0          0 
    233399     233368     491522     540674     102245          0          0 
    234163     234132     491522     540802     102299          0          0 
    233871     233843     491522     540738     102372          0          0 
    233627     233598     491522     540674     102325          0          0 
    233407     233375     491522     540674     102258          0          0 
    233663     233632     491522     540706     102330          0          0 
    233667     233638     491522     540706     102338          0          0 
    233363     233331     491522     540674     102209          0          0 
    233491     233461     491522     540674     102341          0          0 
    233703     233673     491522     540706     102373          0          0 
    234435     234405     491522     540674     103132          0          0 
    233895     233867     491522     540706     102298          0          1 
    234003     233975     491522     540706     102456          0          0 
    233387     233357     491522     540674     102232          0          0 
    233339     233306     491522     540674     102191          0          0 
    233447     233419     491522     540674     102294          0          0 
    233439     233406     491522     540674     102286          0          0 
    233251     233222     491522     540674     102100          0          0 
    233175     233143     491522     540674     102025          0          0 
    233703     233675     491522     540674     102555          0          0 
    233387     233354     491522     540674     102232          0          0 
    263099     234523     491523     540874     102473          6          2 
    233255     233223     491522     540674     102103          1          0 
    233543     233514     491522     540674     102392          1          0 
    233479     233446     491522     540674     102329          1          0 
    233447     233417     491522     540674     102296          1          0 
    233447     233417     491522     540674     102295          1          0 
    233435     233405     491522     540674     102286          1          0 
    233263     233233     491522     540674     102115          1          0 
    233523     233496     491522     540674     102372          1          0 
    233531     233499     491522     540674     102384          1          0 
    233439     233409     491522     540674     102288          1          0 
    233435     233407     491522     540674     102285          1          0 
    233447     233415     491522     540674     102295          1          0 
    233447     233417     491522     540674     102295          1          0 
    233543     233511     491522     540674     102393          1          0 
    233387     233356     491522     540674     102239          1          0 
    233407     233375     491522     540674     102249          1          0 
    233335     233302     491522     540674     102186          1          0 
    233427     233395     491522     540674     102275          1          0 
    233519     233488     491522     540674     102366          1          0 
    233495     233465     491522     540674     102346          1          0 
    233355     233323     491522     540674     102200          1          0 
    233439     233411     491522     540674     102288          1          0 
    233371     233338     491522     540674     102216          1          0 
    233483     233453     491522     540674     102330          1          0 
    233487     233456     491522     540674     102339          1          0 
    233579     233552     491522     540674     102430          1          0 
    233635     233604     491522     540674     102485          1          0 
    233487     233460     491522     540674     102335          1          0 
    233439     233407     491522     540674     102287          1          0 
    233427     233395     491522     540674     102275          1          0 
    233519     233488     491522     540674     102366          1          0 
    233495     233465     491522     540674     102346          1          0 
    233507     233476     491522     540674     102355          1          0 
    233455     233428     491522     540674     102307          1          0 
    233439     233407     491522     540674     102285          1          0 
    233467     233437     491522     540674     102311          1          0 
    233527     233499     491522     540674     102384          1          0 
    233471     233441     491522     540674     102317          1          0 
    233327     233297     491522     540674     102175          1          0 
    233403     233375     491522     540674     102249          1          0 
    233459     233429     491522     540674     102308          1          0 
    233355     233327     491522     540674     102204          1          0 
    233427     233393     491522     540674     102268          1          0 
    233483     233455     491522     540674     102333          1          0 
    233399     233366     491522     540674     102247          1          0 
    233543     233511     491522     540674     102390          1          0 
    233567     233533     491522     540674     102410          1          0 
    233263     233236     491522     540674     102115          1          0 
    233471     233439     491522     540674     102317          1          0 
    233599     233570     491522     540674     102446          1          0 
    233395     233362     491522     540674     102244          1          0 
    233607     233576     491522     540674     102451          1          0 
    233459     233425     491522     540674     102304          1          0 
    233451     233424     491522     540674     102305          1          0 
    233239     233209     491522     540674     102093          1          0 
    242679     234177     491523     540874     102382          5          0 
    233475     233443     491522     540674     102323          1          0 
    233655     233624     491522     540674     102501          1          0 
    233599     233568     491522     540674     102449          1          0 
    233439     233411     491522     540674     102286          1          0 
    233631     233597     491522     540674     102476          1          0 
    233559     233531     491522     540674     102411          1          0 
    233659     233625     491522     540674     102503          1          0 
    233439     233411     491522     540674     102286          1          0 
    233627     233597     491522     540674     102476          1          0 
    233355     233327     491522     540674     102204          1          0 
    233551     233517     491522     540674     102397          1          0 
    233371     233341     491522     540674     102221          1          0 
    233415     233386     491522     540674     102270          1          0 
    233371     233341     491522     540674     102224          1          0 
    233491     233458     491522     540674     102337          1          0 
    233523     233493     491522     540674     102372          1          0 
    233423     233390     491522     540674     102269          1          0 
    233515     233485     491522     540674     102362          1          0 
    233419     233386     491522     540674     102268          1          0 
    233407     233380     491522     540674     102257          1          0 
    233451     233421     491522     540674     102302          1          0 
    233419     233390     491522     540674     102264          1          0 
    233367     233335     491522     540674     102213          1          0 
    233563     233535     491522     540674     102414          1          0 
    233323     233292     491522     540674     102177          1          0 
    233307     233279     491522     540674     102157          1          0 
    233367     233338     491522     540674     102213          1          0 
    233583     233557     491522     540674     102436          1          0 
